0 0.765625 0.846875 0.18671875 0.0484375
0 0.8015625 0.6234375 0.08515625 0.0515625
0 0.55625 0.6625 0.0515625 0.021875
0 0.221875 0.6328125 0.0453125 0.04921875
0 0.29296875 0.5171875 0.10234375 0.0421875
0 0.25546875 0.4515625 0.065625 0.03828125
0 0.55859375 0.39375 0.06484375 0.0375
0 0.8171875 0.39375 0.0828125 0.04140625
0 0.6203125 0.31484375 0.07578125 0.02421875
0 0.43671875 0.3265625 0.0328125 0.0328125
0 0.07265625 0.6640625 0.0328125 0.04609375
0 0.27578125 0.778125 0.03125 0.02578125