0 0.5359375 0.39453125 0.034375 0.0484375
0 0.8859375 0.3796875 0.04375 0.0671875
0 0.8234375 0.509375 0.04609375 0.0640625
0 0.6171875 0.5171875 0.0390625 0.04140625
0 0.9140625 0.63984375 0.02734375 0.0453125
0 0.38984375 0.24140625 0.040625 0.0515625
0 0.2046875 0.2515625 0.03828125 0.04765625
0 0.92890625 0.25234375 0.02421875 0.0390625
0 0.80859375 0.09296875 0.040625 0.0546875
0 0.90390625 0.09609375 0.02734375 0.0453125
0 0.36328125 0.10078125 0.02109375 0.04609375
0 0.2796875 0.11328125 0.04140625 0.03671875
0 0.64609375 0.77578125 0.03828125 0.09453125
0 0.11875 0.63984375 0.02578125 0.0453125