0 0.24609375 0.4578125 0.11328125 0.05234375
0 0.41171875 0.46640625 0.07734375 0.0421875
0 0.28671875 0.53203125 0.0515625 0.0453125
0 0.10546875 0.46171875 0.03203125 0.0484375
0 0.40703125 0.7 0.0515625 0.0625
0 0.39140625 0.80390625 0.05234375 0.0578125
0 0.47734375 0.80859375 0.0328125 0.05234375
0 0.85390625 0.81328125 0.03046875 0.04609375
0 0.7984375 0.90703125 0.05 0.04375
0 0.14765625 0.90390625 0.034375 0.053125
0 0.3359375 0.61171875 0.1375 0.05546875
0 0.10078125 0.5421875 0.0265625 0.040625