0 0.45859375 0.85390625 0.03515625 0.0515625
0 0.93125 0.709375 0.09140625 0.03359375
0 0.721875 0.7046875 0.0453125 0.02734375
0 0.14921875 0.69921875 0.0625 0.03515625
0 0.44765625 0.6296875 0.190625 0.05
0 0.6359375 0.634375 0.0609375 0.040625
0 0.84609375 0.63515625 0.15390625 0.0515625
0 0.35390625 0.55625 0.06171875 0.0359375
0 0.3109375 0.4578125 0.1953125 0.025
0 0.43125 0.33359375 0.10234375 0.0296875
0 0.70234375 0.33515625 0.05859375 0.02734375
0 0.8875 0.253125 0.0703125 0.02734375
0 0.73125 0.22265625 0.39296875 0.0375
0 0.34140625 0.13984375 0.04765625 0.040625
0 0.9515625 0.45703125 0.08046875 0.01640625