0 0.14609375 0.45859375 0.0515625 0.034375
0 0.290625 0.93125 0.034375 0.0921875
0 0.2953125 0.721875 0.028125 0.0453125
0 0.30078125 0.14921875 0.034375 0.0625
0 0.3703125 0.44765625 0.05 0.190625
0 0.365625 0.6359375 0.040625 0.0609375
0 0.36484375 0.84609375 0.0515625 0.153125
0 0.44375 0.35390625 0.0359375 0.0625
0 0.5421875 0.3109375 0.025 0.1953125
0 0.66640625 0.43125 0.0296875 0.103125
0 0.66484375 0.70234375 0.028125 0.059375
0 0.746875 0.8875 0.028125 0.0703125
0 0.77734375 0.73125 0.0375 0.39375
0 0.86015625 0.34140625 0.040625 0.046875
0 0.54296875 0.9515625 0.015625 0.08125