0 0.2359375 0.65 0.23046875 0.06171875
0 0.76953125 0.7484375 0.0609375 0.06328125
0 0.5546875 0.759375 0.03515625 0.0515625
0 0.14140625 0.84921875 0.0953125 0.05390625
0 0.61015625 0.57109375 0.26171875 0.03359375
0 0.45546875 0.51171875 0.2375 0.028125
0 0.71171875 0.50859375 0.0859375 0.03671875
0 0.79140625 0.4515625 0.278125 0.0296875
0 0.3890625 0.45390625 0.15859375 0.03203125
0 0.35703125 0.3890625 0.1015625 0.04375
0 0.19296875 0.39453125 0.0765625 0.03125
0 0.4984375 0.390625 0.03828125 0.0328125
0 0.81875 0.3875 0.19609375 0.0375
0 0.2703125 0.30859375 0.06640625 0.03046875
0 0.45234375 0.21953125 0.46484375 0.03203125