0 0.65 0.7640625 0.0625 0.23125
0 0.7484375 0.23046875 0.0625 0.0609375
0 0.759375 0.4453125 0.0515625 0.034375
0 0.84921875 0.85859375 0.053125 0.0953125
0 0.57109375 0.38984375 0.034375 0.2625
0 0.51171875 0.54453125 0.028125 0.2375
0 0.50859375 0.28828125 0.0375 0.0859375
0 0.4515625 0.20859375 0.0296875 0.278125
0 0.45390625 0.6109375 0.03125 0.159375
0 0.3890625 0.64296875 0.04375 0.1015625
0 0.39453125 0.80703125 0.03125 0.0765625
0 0.390625 0.5015625 0.0328125 0.0375
0 0.3875 0.18125 0.0375 0.196875
0 0.30859375 0.7296875 0.03125 0.065625
0 0.21953125 0.54765625 0.03125 0.465625