0 0.54140625 0.72265625 0.06171875 0.06953125
0 0.78125 0.72890625 0.065625 0.06796875
0 0.496875 0.525 0.18046875 0.0640625
0 0.14140625 0.49921875 0.0375 0.0640625
0 0.734375 0.628125 0.0328125 0.0625
0 0.81796875 0.62578125 0.034375 0.06640625
0 0.653125 0.4484375 0.04453125 0.046875
0 0.534375 0.37265625 0.05546875 0.04375
0 0.23359375 0.3 0.034375 0.071875
0 0.778125 0.19765625 0.04609375 0.05546875
0 0.7375 0.0796875 0.09765625 0.04375
0 0.35703125 0.06640625 0.0328125 0.05234375
0 0.30234375 0.6625 0.04453125 0.05234375