0 0.3828125 0.37890625 0.1046875 0.05
0 0.2421875 0.58203125 0.0296875 0.05703125
0 0.71015625 0.640625 0.01484375 0.0515625
0 0.14453125 0.453125 0.0375 0.0375
0 0.23046875 0.44921875 0.03203125 0.0390625
0 0.1296875 0.3109375 0.04375 0.0421875
0 0.24296875 0.31328125 0.03984375 0.04296875
0 0.43984375 0.3171875 0.04375 0.03828125
0 0.88046875 0.378125 0.0421875 0.0359375
0 0.9421875 0.509375 0.05625 0.03984375
0 0.9234375 0.44609375 0.03359375 0.0390625
0 0.9640625 0.44921875 0.02734375 0.03984375
0 0.9625 0.57109375 0.0234375 0.0328125
0 0.9515625 0.63203125 0.01875 0.02578125