0 0.14296875 0.2 0.06953125 0.0890625
0 0.32734375 0.31484375 0.053125 0.06171875
0 0.72109375 0.59921875 0.15625 0.07890625
0 0.15703125 0.59609375 0.0875 0.06953125
0 0.33359375 0.60078125 0.02890625 0.059375
0 0.48046875 0.6953125 0.059375 0.05546875
0 0.8125 0.69375 0.04296875 0.059375
0 0.41640625 0.77578125 0.153125 0.0578125
0 0.16171875 0.77578125 0.08359375 0.07109375
0 0.4796875 0.409375 0.04375 0.05390625
0 0.66484375 0.41328125 0.04921875 0.04375
0 0.88046875 0.32421875 0.03984375 0.06875