0 0.50234375 0.78359375 0.03671875 0.0953125
0 0.28125 0.79375 0.05078125 0.084375
0 0.04921875 0.69375 0.07734375 0.09140625
0 0.04375 0.59296875 0.0609375 0.10078125
0 0.1890625 0.38359375 0.03671875 0.0953125
0 0.47421875 0.38515625 0.04921875 0.10546875
0 0.50078125 0.1296875 0.0671875 0.09140625
0 0.25859375 0.59140625 0.0328125 0.10625
0 0.2390625 0.38125 0.0453125 0.11015625
0 0.2921875 0.378125 0.04765625 0.10625
0 0.34375 0.384375 0.04765625 0.12109375
0 0.54453125 0.77890625 0.040625 0.096875
0 0.59609375 0.78125 0.04765625 0.10390625
0 0.98125 0.1171875 0.0375 0.10625
0 0.75625 0.68203125 0.0234375 0.0875