0 0.575 0.24453125 0.04140625 0.1171875
0 0.06796875 0.36484375 0.059375 0.13046875
0 0.93515625 0.38671875 0.05703125 0.08828125
0 0.6109375 0.746875 0.065625 0.1
0 0.03203125 0.6734375 0.05 0.1265625
0 0.2578125 0.9265625 0.065625 0.146875
0 0.171875 0.93125 0.08359375 0.134375
0 0.08125 0.94140625 0.0796875 0.1171875
0 0.7109375 0.50234375 0.0296875 0.125
0 0.8859375 0.38125 0.03984375 0.109375
0 0.2203125 0.21875 0.0453125 0.1484375
0 0.5375 0.24140625 0.03671875 0.1265625
0 0.55390625 0.0921875 0.034375 0.1484375
0 0.96015625 0.1421875 0.028125 0.12890625
0 0.36796875 0.22734375 0.034375 0.1546875