0 0.39921875 0.0984375 0.11953125 0.07890625
0 0.1578125 0.275 0.0703125 0.10234375
0 0.17578125 0.5953125 0.06875 0.090625
0 0.04375 0.759375 0.0671875 0.09453125
0 0.0453125 0.6140625 0.07578125 0.090625
0 0.03359375 0.340625 0.053125 0.09921875
0 0.34453125 0.759375 0.07265625 0.0671875
0 0.57265625 0.68515625 0.04453125 0.0875
0 0.865625 0.18828125 0.03359375 0.0703125
0 0.23125 0.271875 0.06875 0.10703125
0 0.30859375 0.27734375 0.08125 0.11328125
0 0.390625 0.4 0.06640625 0.11640625
0 0.48359375 0.50859375 0.04296875 0.10546875
0 0.246875 0.59921875 0.0578125 0.0953125
0 0.31484375 0.59765625 0.06015625 0.09765625
0 0.378125 0.5984375 0.053125 0.08671875
0 0.434375 0.5921875 0.0515625 0.09140625
0 0.97890625 0.67890625 0.0421875 0.0765625