0 0.1609375 0.7859375 0.04609375 0.0828125
0 0.2125 0.7890625 0.04921875 0.0828125
0 0.26171875 0.7875 0.04375 0.08046875
0 0.3078125 0.78828125 0.040625 0.08203125
0 0.353125 0.7875 0.04765625 0.0859375
0 0.40390625 0.7859375 0.0453125 0.084375
0 0.45546875 0.7875 0.05 0.08359375
0 0.5078125 0.78515625 0.04609375 0.08359375
0 0.55234375 0.78671875 0.03984375 0.07890625
0 0.59609375 0.7875 0.03984375 0.07734375
0 0.6328125 0.78671875 0.0328125 0.08046875
0 0.3296875 0.26953125 0.0296875 0.10859375