0 0.14296875 0.584375 0.05546875 0.1125
0 0.05703125 0.69140625 0.05390625 0.1
0 0.60546875 0.87734375 0.040625 0.12578125
0 0.77734375 0.74921875 0.06484375 0.1203125
0 0.64140625 0.63515625 0.05078125 0.10234375
0 0.884375 0.75078125 0.053125 0.11875
0 0.74375 0.8765625 0.05390625 0.12578125
0 0.90703125 0.26484375 0.05703125 0.1421875
0 0.565625 0.25546875 0.04375 0.14453125
0 0.83671875 0.26484375 0.075 0.1375
0 0.084375 0.58671875 0.05859375 0.1125
0 0.5640625 0.87421875 0.040625 0.12578125