0 0.79609375 0.53515625 0.0484375 0.09140625
0 0.26015625 0.5359375 0.04609375 0.0859375
0 0.57734375 0.6265625 0.0625 0.084375
0 0.56640625 0.7140625 0.03984375 0.08671875
0 0.68515625 0.7171875 0.03203125 0.0875
0 0.0859375 0.82578125 0.040625 0.07421875
0 0.7125 0.81328125 0.03203125 0.0984375
0 0.81875 0.8203125 0.0296875 0.084375
0 0.93359375 0.82265625 0.03671875 0.0796875
0 0.1265625 0.62578125 0.046875 0.084375
0 0.2375 0.35234375 0.0609375 0.07734375
0 0.09140625 0.3421875 0.0671875 0.0890625
0 0.86328125 0.53125 0.06015625 0.08984375
0 0.39765625 0.7171875 0.03828125 0.0828125
0 0.046875 0.7234375 0.03671875 0.075
0 0.97890625 0.721875 0.0328125 0.08125