0 0.5015625 0.3875 0.05546875 0.08203125
0 0.3421875 0.4671875 0.0515625 0.0765625
0 0.678125 0.46953125 0.06953125 0.07265625
0 0.971875 0.29296875 0.05625 0.1078125
0 0.5671875 0.3890625 0.0671875 0.0796875
0 0.6 0.46953125 0.07265625 0.0734375
0 0.403125 0.465625 0.05546875 0.08125
0 0.5640625 0.70390625 0.0359375 0.0875
0 0.54140625 0.1890625 0.04140625 0.09140625
0 0.484375 0.18671875 0.05859375 0.10625
0 0.80390625 0.8109375 0.05 0.11875
0 0.0203125 0.46328125 0.040625 0.0796875
0 0.0125 0.378125 0.025 0.090625