0 0.96484375 0.63984375 0.0703125 0.1203125
0 0.89609375 0.72734375 0.05234375 0.08203125
0 0.5078125 0.7375 0.07109375 0.10546875
0 0.278125 0.73828125 0.065625 0.1015625
0 0.375 0.8625 0.0765625 0.1421875
0 0.8984375 0.6375 0.06796875 0.1109375
0 0.828125 0.63359375 0.065625 0.10546875
0 0.76484375 0.6328125 0.0609375 0.10703125
0 0.7046875 0.63359375 0.059375 0.1109375
0 0.20625 0.7375 0.065625 0.0953125
0 0.83828125 0.7359375 0.059375 0.1
0 0.4 0.4390625 0.0921875 0.09609375
0 0.3 0.8578125 0.065625 0.1328125
0 0.43046875 0.7375 0.08359375 0.1