0 0.51953125 0.71796875 0.04765625 0.08984375
0 0.51328125 0.81015625 0.04921875 0.0859375
0 0.9203125 0.3828125 0.0328125 0.0921875
0 0.24609375 0.171875 0.0546875 0.13203125
0 0.51015625 0.04609375 0.0328125 0.0921875
0 0.51875 0.171875 0.040625 0.13203125
0 0.34453125 0.30546875 0.04375 0.1140625
0 0.55390625 0.04609375 0.04609375 0.0921875
0 0.66328125 0.046875 0.03359375 0.09375
0 0.3046875 0.16953125 0.0546875 0.1328125
0 0.96875 0.384375 0.06171875 0.0890625
0 0.98125 0.68046875 0.0375 0.10234375
0 0.57109375 0.7171875 0.0453125 0.0875
0 0.571875 0.81015625 0.0515625 0.084375