0 0.6859375 0.27265625 0.04453125 0.1078125
0 0.30546875 0.37578125 0.03671875 0.1
0 0.20859375 0.5125 0.05546875 0.05390625
0 0.97109375 0.1125 0.05390625 0.0546875
0 0.34375 0.1078125 0.03671875 0.0625
0 0.61015625 0.37734375 0.06015625 0.09921875
0 0.89140625 0.64296875 0.06328125 0.0671875
0 0.70546875 0.70625 0.04921875 0.05546875
0 0.26796875 0.5125 0.05390625 0.0515625
0 0.66015625 0.70703125 0.03671875 0.0546875
0 0.63515625 0.2734375 0.04140625 0.10625
0 0.59296875 0.27265625 0.03671875 0.10859375
0 0.34609375 0.37578125 0.04140625 0.1015625
0 0.9125 0.11328125 0.05390625 0.05625
0 0.85234375 0.1125 0.05703125 0.05546875
0 0.7921875 0.11328125 0.06328125 0.0546875
0 0.728125 0.1140625 0.05546875 0.05546875
0 0.66484375 0.11171875 0.06171875 0.05546875
0 0.6 0.1125 0.06484375 0.059375
0 0.534375 0.11171875 0.06328125 0.05703125
0 0.475 0.11171875 0.06484375 0.0625
0 0.384375 0.1078125 0.03671875 0.0640625