0 0.39140625 0.3421875 0.02734375 0.07890625
0 0.3453125 0.42734375 0.034375 0.0765625
0 0.9375 0.5171875 0.0484375 0.07421875
0 0.3546875 0.59375 0.04453125 0.075
0 0.73125 0.7578125 0.05 0.071875
0 0.1015625 0.8625 0.0625 0.134375
0 0.175 0.24921875 0.04453125 0.07578125
0 0.78515625 0.7578125 0.0453125 0.075
0 0.89375 0.515625 0.0328125 0.0796875
0 0.4 0.59296875 0.03828125 0.0734375
0 0.09296875 0.64609375 0.034375 0.0921875
0 0.05234375 0.64453125 0.03828125 0.09453125
0 0.38203125 0.42734375 0.02734375 0.0859375
0 0.41796875 0.33828125 0.02265625 0.0828125
0 0.22578125 0.2484375 0.04296875 0.0734375
0 0.27421875 0.24921875 0.03984375 0.0734375
0 0.3234375 0.24765625 0.04453125 0.075
0 0.37578125 0.246875 0.046875 0.07734375
0 0.4328125 0.24765625 0.053125 0.0796875
0 0.48828125 0.24609375 0.0453125 0.08125
0 0.54453125 0.24765625 0.046875 0.07578125
0 0.596875 0.246875 0.04453125 0.0734375
0 0.646875 0.246875 0.04140625 0.07578125
0 0.6984375 0.24609375 0.046875 0.0734375
0 0.7484375 0.2453125 0.03828125 0.07578125
0 0.79453125 0.24375 0.03984375 0.08125
0 0.84453125 0.24375 0.04296875 0.084375
0 0.89296875 0.24375 0.034375 0.08046875
0 0.9390625 0.24453125 0.03671875 0.08046875
0 0.98046875 0.24375 0.02890625 0.08125