0 0.57109375 0.4125 0.03984375 0.06953125
0 0.69375 0.41015625 0.0625 0.07421875
0 0.6140625 0.56328125 0.06015625 0.065625
0 0.80234375 0.62578125 0.03828125 0.06015625
0 0.8359375 0.6765625 0.065625 0.0421875
0 0.01953125 0.76484375 0.03828125 0.12734375
0 0.028125 0.5171875 0.05546875 0.0796875
0 0.41875 0.34296875 0.05703125 0.06875
0 0.85234375 0.62734375 0.05 0.0609375
0 0.840625 0.3359375 0.028125 0.075
0 0.64921875 0.6859375 0.04140625 0.06328125
0 0.2703125 0.6921875 0.03828125 0.0625
0 0.06015625 0.7640625 0.0359375 0.12734375
0 0.22578125 0.63125 0.0328125 0.0640625
0 0.14765625 0.63125 0.02109375 0.06171875
0 0.82421875 0.49375 0.0296875 0.06796875