0 0.503125 0.50234375 0.09140625 0.12890625
0 0.70390625 0.6421875 0.0453125 0.109375
0 0.70625 0.51015625 0.04765625 0.125
0 0.9609375 0.396875 0.0734375 0.140625
0 0.9 0.25546875 0.06015625 0.125
0 0.65546875 0.24453125 0.053125 0.1234375
0 0.11171875 0.09453125 0.05703125 0.13671875
0 0.8546875 0.12265625 0.1078125 0.12265625
0 0.26796875 0.62734375 0.07890625 0.11015625
0 0.240625 0.74453125 0.0546875 0.1140625
0 0.1828125 0.090625 0.06328125 0.140625
0 0.25703125 0.0859375 0.0734375 0.1625
0 0.328125 0.09296875 0.05546875 0.1421875
0 0.9703125 0.253125 0.059375 0.125
0 0.76875 0.64453125 0.06328125 0.13359375