0 0.45546875 0.38125 0.04296875 0.071875
0 0.72109375 0.4515625 0.0640625 0.06953125
0 0.75859375 0.51796875 0.0359375 0.0625
0 0.42421875 0.5171875 0.05546875 0.0703125
0 0.23203125 0.5765625 0.0296875 0.0515625
0 0.11953125 0.63359375 0.03671875 0.0671875
0 0.61640625 0.6328125 0.0484375 0.06171875
0 0.0875 0.25234375 0.0359375 0.0640625
0 0.1296875 0.25234375 0.03671875 0.0671875
0 0.1765625 0.2515625 0.03828125 0.06875
0 0.290625 0.3859375 0.04453125 0.06796875
0 0.50546875 0.38359375 0.046875 0.07578125
0 0.8 0.51953125 0.0296875 0.06484375
0 0.83828125 0.5203125 0.0328125 0.06328125
0 0.878125 0.51875 0.0359375 0.06796875
0 0.2796875 0.5765625 0.04296875 0.05078125
0 0.16015625 0.63671875 0.03984375 0.0671875
0 0.21015625 0.6390625 0.04140625 0.06484375
0 0.26015625 0.63984375 0.04140625 0.06328125
0 0.31015625 0.63828125 0.05859375 0.05703125
0 0.51484375 0.63515625 0.034375 0.0671875
0 0.66640625 0.63125 0.0453125 0.06640625
0 0.7140625 0.6296875 0.03828125 0.0671875
0 0.79921875 0.62890625 0.03671875 0.06484375
0 0.1765625 0.7078125 0.0328125 0.07421875
0 0.3078125 0.71015625 0.03828125 0.07109375
0 0.8921875 0.7 0.0359375 0.06640625
0 0.43203125 0.78203125 0.03125 0.07265625