0 0.02734375 0.71171875 0.0546875 0.065625
0 0.3265625 0.8015625 0.0625 0.1125
0 0.90234375 0.79140625 0.05 0.10625
0 0.8203125 0.70078125 0.0421875 0.0671875
0 0.6109375 0.19453125 0.034375 0.12578125
0 0.52421875 0.30625 0.03515625 0.07578125
0 0.49296875 0.40625 0.040625 0.08671875
0 0.43984375 0.08203125 0.04375 0.10859375
0 0.659375 0.19140625 0.05546875 0.12734375
0 0.48828125 0.08125 0.03671875 0.1109375
0 0.5390625 0.07890625 0.04609375 0.10390625
0 0.865625 0.7 0.03671875 0.06875
0 0.07421875 0.709375 0.03125 0.0703125
0 0.11328125 0.7109375 0.03828125 0.06328125
0 0.11875 0.80078125 0.040625 0.10703125