0 0.85 0.30859375 0.05546875 0.09375
0 0.65390625 0.30859375 0.05390625 0.09921875
0 0.39296875 0.4203125 0.03828125 0.0796875
0 0.28515625 0.415625 0.07109375 0.08984375
0 0.60625 0.50390625 0.05390625 0.0765625
0 0.43515625 0.50625 0.06015625 0.07578125
0 0.53828125 0.66484375 0.05703125 0.0875
0 0.7859375 0.8734375 0.0515625 0.1015625
0 0.65 0.86953125 0.0359375 0.10546875
0 0.79765625 0.31328125 0.0484375 0.09375
0 0.75234375 0.3109375 0.04140625 0.09765625
0 0.55859375 0.50390625 0.04140625 0.08046875
0 0.4828125 0.66328125 0.05 0.08984375
0 0.42265625 0.66328125 0.065625 0.09375