0 0.24375 0.5828125 0.0484375 0.109375
0 0.2921875 0.48203125 0.03984375 0.0859375
0 0.02265625 0.39453125 0.0453125 0.103125
0 0.2328125 0.390625 0.0375 0.09296875
0 0.7453125 0.38359375 0.03046875 0.096875
0 0.803125 0.28203125 0.04375 0.103125
0 0.4828125 0.578125 0.04765625 0.10546875
0 0.296875 0.690625 0.04609375 0.11015625
0 0.78046875 0.16640625 0.03515625 0.140625
0 0.575 0.7984375 0.046875 0.115625
0 0.29453125 0.80390625 0.05546875 0.1109375
0 0.8453125 0.68046875 0.04921875 0.10859375
0 0.83359375 0.1578125 0.053125 0.14140625
0 0.0734375 0.38828125 0.053125 0.103125
0 0.28515625 0.39140625 0.046875 0.090625
0 0.7921875 0.3828125 0.040625 0.0875
0 0.33828125 0.4828125 0.04296875 0.08359375
0 0.3984375 0.4828125 0.05703125 0.08984375
0 0.2890625 0.58046875 0.0453125 0.10703125
0 0.34296875 0.578125 0.04921875 0.1109375
0 0.5328125 0.5765625 0.0453125 0.1015625
0 0.5890625 0.5765625 0.05078125 0.10546875
0 0.35234375 0.69296875 0.05078125 0.1078125
0 0.41015625 0.68828125 0.04921875 0.10859375
0 0.465625 0.68828125 0.053125 0.1078125
0 0.36015625 0.809375 0.05546875 0.1171875
0 0.6453125 0.80078125 0.06953125 0.1125
0 0.578125 0.38125 0.034375 0.096875
0 0.48828125 0.38515625 0.03671875 0.096875
0 0.859375 0.2796875 0.05703125 0.10546875
0 0.3265625 0.18203125 0.0328125 0.10625
0 0.41328125 0.16953125 0.0421875 0.10390625