0 0.77421875 0.38125 0.05625 0.06328125
0 0.903125 0.3765625 0.071875 0.06875
0 0.41015625 0.38125 0.05390625 0.0671875
0 0.09921875 0.475 0.04921875 0.11875
0 0.56015625 0.790625 0.05546875 0.09609375
0 0.89921875 0.790625 0.04609375 0.09375
0 0.27890625 0.8859375 0.0359375 0.09375
0 0.0421875 0.48203125 0.05625 0.109375
0 0.71875 0.38125 0.0515625 0.06328125
0 0.6671875 0.38125 0.05625 0.065625
0 0.6140625 0.38125 0.04765625 0.0671875
0 0.56875 0.38203125 0.04140625 0.06875
0 0.525 0.3796875 0.04609375 0.06875
0 0.48828125 0.79453125 0.07578125 0.09296875
0 0.8546875 0.7890625 0.04765625 0.096875
0 0.31796875 0.88828125 0.03984375 0.09609375
0 0.21953125 0.378125 0.0453125 0.07578125