0 0.02265625 0.4875 0.03984375 0.090625
0 0.0265625 0.3859375 0.053125 0.10625
0 0.46953125 0.66328125 0.06015625 0.084375
0 0.0234375 0.66484375 0.046875 0.0796875
0 0.7765625 0.66875 0.075 0.08671875
0 0.73359375 0.58125 0.03984375 0.0875
0 0.35390625 0.15546875 0.0625 0.115625
0 0.409375 0.6625 0.05 0.0875
0 0.35546875 0.6640625 0.06015625 0.0828125
0 0.07265625 0.66328125 0.04765625 0.07890625
0 0.1296875 0.6625 0.0609375 0.08203125
0 0.071875 0.4875 0.05546875 0.0875
0 0.1265625 0.4859375 0.04921875 0.08984375
0 0.17890625 0.48828125 0.05 0.0953125
0 0.23671875 0.4859375 0.06015625 0.08984375
0 0.35703125 0.27578125 0.04609375 0.1125
0 0.29375 0.0453125 0.05703125 0.090625
0 0.76875 0.0453125 0.02890625 0.0875