0 0.421875 0.70078125 0.04921875 0.0953125
0 0.3625 0.4875 0.06640625 0.11015625
0 0.34140625 0.6 0.040625 0.096875
0 0.965625 0.7 0.04921875 0.090625
0 0.94453125 0.7984375 0.03125 0.0859375
0 0.7453125 0.359375 0.02890625 0.09765625
0 0.90546875 0.2390625 0.04921875 0.13671875
0 0.7265625 0.2375 0.03984375 0.10546875
0 0.8546875 0.23671875 0.0421875 0.13984375
0 0.81171875 0.23671875 0.03828125 0.1421875
0 0.55703125 0.4875 0.0328125 0.1171875
0 0.98125 0.4859375 0.0375 0.10859375
0 0.84921875 0.696875 0.0453125 0.09921875
0 0.9828125 0.79609375 0.034375 0.08671875
0 0.34140625 0.23203125 0.03984375 0.1375