0 0.77265625 0.38828125 0.03828125 0.09765625
0 0.57109375 0.7578125 0.05234375 0.08125
0 0.9046875 0.76015625 0.06015625 0.0828125
0 0.3546875 0.86484375 0.05625 0.11640625
0 0.04375 0.7640625 0.08671875 0.0859375
0 0.1734375 0.65390625 0.05 0.13671875
0 0.82265625 0.3890625 0.0453125 0.08671875
0 0.865625 0.38515625 0.04921875 0.1
0 0.4234375 0.86875 0.06015625 0.1203125
0 0.50703125 0.8703125 0.08125 0.125
0 0.634375 0.759375 0.053125 0.0890625
0 0.70390625 0.76015625 0.06015625 0.0828125
0 0.92109375 0.66171875 0.0578125 0.1140625