0 0.7609375 0.5703125 0.05078125 0.13984375
0 0.36796875 0.57421875 0.0484375 0.1359375
0 0.13203125 0.57421875 0.05546875 0.121875
0 0.11484375 0.32421875 0.040625 0.11484375
0 0.0703125 0.32421875 0.03828125 0.11484375
0 0.24453125 0.4296875 0.0484375 0.14140625
0 0.19453125 0.43125 0.040625 0.14140625
0 0.071875 0.57578125 0.05546875 0.121875
0 0.31953125 0.57421875 0.04609375 0.14453125
0 0.70234375 0.56953125 0.059375 0.1390625
0 0.63984375 0.571875 0.05625 0.14375
0 0.58125 0.57265625 0.0609375 0.1421875