0 0.3390625 0.24453125 0.04140625 0.115625
0 0.60234375 0.39375 0.04296875 0.0484375
0 0.59609375 0.60625 0.0296875 0.05078125
0 0.6640625 0.67421875 0.04453125 0.084375
0 0.85078125 0.66953125 0.046875 0.08046875
0 0.4375 0.840625 0.0359375 0.10078125
0 0.30078125 0.75703125 0.04296875 0.06796875
0 0.2046875 0.61015625 0.06171875 0.05078125
0 0.88203125 0.74609375 0.0453125 0.06328125
0 0.29453125 0.390625 0.03828125 0.05234375
0 0.13984375 0.33203125 0.04296875 0.05390625
0 0.0953125 0.33046875 0.03671875 0.06015625
0 0.71953125 0.28046875 0.0296875 0.0578125
0 0.38046875 0.246875 0.0359375 0.1171875
0 0.41640625 0.2453125 0.034375 0.11953125
0 0.709375 0.67421875 0.03125 0.0859375
0 0.65 0.39375 0.04453125 0.05078125
0 0.69375 0.39453125 0.03125 0.0484375
0 0.7265625 0.39375 0.02265625 0.05078125
0 0.09296875 0.14296875 0.05703125 0.06640625
0 0.1546875 0.14296875 0.05 0.071875
0 0.21328125 0.1421875 0.053125 0.07265625
0 0.27578125 0.1421875 0.0515625 0.07265625
0 0.3296875 0.1421875 0.0453125 0.075
0 0.38359375 0.14296875 0.0484375 0.07734375
0 0.43828125 0.14375 0.0515625 0.07734375
0 0.5015625 0.14453125 0.05 0.07890625
0 0.559375 0.14609375 0.04296875 0.08203125
0 0.61171875 0.14453125 0.04140625 0.0828125
0 0.6640625 0.14375 0.053125 0.0828125
0 0.721875 0.14453125 0.04296875 0.08515625
0 0.77421875 0.146875 0.046875 0.08515625
0 0.8328125 0.14453125 0.046875 0.08671875
0 0.8859375 0.1453125 0.03984375 0.08671875
0 0.93203125 0.14609375 0.0453125 0.08671875
0 0.98046875 0.1453125 0.0390625 0.090625
0 0.82421875 0.546875 0.02734375 0.06640625
0 0.48125 0.60859375 0.03671875 0.04921875
0 0.89609375 0.67109375 0.02890625 0.0796875
0 0.63671875 0.60703125 0.034375 0.0484375
0 0.6734375 0.6078125 0.02890625 0.04921875
0 0.92421875 0.60546875 0.02734375 0.04765625
0 0.3484375 0.75546875 0.03984375 0.0625
0 0.68125 0.8375 0.0359375 0.09375
0 0.79296875 0.83203125 0.03828125 0.09921875
0 0.4734375 0.840625 0.02578125 0.1046875