0 0.5609375 0.15234375 0.0578125 0.10546875
0 0.63671875 0.26953125 0.05546875 0.1046875
0 0.8078125 0.26796875 0.0515625 0.10078125
0 0.42109375 0.43125 0.10234375 0.0609375
0 0.3078125 0.6578125 0.046875 0.09609375
0 0.115625 0.853125 0.08984375 0.09765625
0 0.75390625 0.86875 0.10234375 0.078125
0 0.43984375 0.15 0.04296875 0.11640625
0 0.64921875 0.640625 0.03828125 0.0765625
0 0.84296875 0.63125 0.06640625 0.09375
0 0.36640625 0.65546875 0.04921875 0.10234375
0 0.2140625 0.74609375 0.04296875 0.0890625