0 0.0171875 0.19375 0.034375 0.12734375
0 0.52421875 0.40859375 0.05390625 0.08828125
0 0.696875 0.3109375 0.0484375 0.08125
0 0.46015625 0.2109375 0.03671875 0.0875
0 0.7234375 0.50390625 0.04296875 0.0828125
0 0.43984375 0.50703125 0.03671875 0.0796875
0 0.01640625 0.59609375 0.0328125 0.09140625
0 0.29140625 0.79609375 0.0609375 0.1015625
0 0.059375 0.19375 0.03828125 0.13125
0 0.09296875 0.1953125 0.02421875 0.1328125
0 0.3921875 0.30859375 0.0359375 0.09453125
0 0.35234375 0.7953125 0.04140625 0.1
0 0.39921875 0.790625 0.034375 0.10625
0 0.44765625 0.790625 0.0515625 0.11328125
0 0.5046875 0.790625 0.05 0.12265625
0 0.56953125 0.40859375 0.034375 0.08984375
0 0.01328125 0.403125 0.0265625 0.084375
0 0.74609375 0.31015625 0.03828125 0.08046875
0 0.05234375 0.59296875 0.03125 0.1125
0 0.2765625 0.090625 0.03125 0.06484375
0 0.2 0.0765625 0.02734375 0.09375
0 0.76328125 0.0578125 0.0203125 0.10078125