0 0.8359375 0.13359375 0.06015625 0.13828125
0 0.915625 0.24609375 0.078125 0.08671875
0 0.54453125 0.34921875 0.0453125 0.08046875
0 0.51875 0.57734375 0.05703125 0.13046875
0 0.0875 0.58359375 0.0671875 0.1234375
0 0.959375 0.84453125 0.08125 0.08203125
0 0.3359375 0.821875 0.065625 0.12109375
0 0.7828125 0.13515625 0.04140625 0.13984375
0 0.771875 0.33828125 0.05390625 0.0953125
0 0.54296875 0.45625 0.05390625 0.11953125
0 0.50078125 0.35 0.03828125 0.07734375
0 0.4640625 0.34375 0.034375 0.09296875
0 0.9015625 0.51640625 0.04296875 0.07890625
0 0.58359375 0.57890625 0.05546875 0.12109375
0 0.16328125 0.5828125 0.07265625 0.1203125
0 0.246875 0.58359375 0.08125 0.11875
0 0.3375 0.58203125 0.08515625 0.1171875