0 0.4234375 0.41796875 0.078125 0.07421875
0 0.12734375 0.4140625 0.06875 0.075
0 0.140625 0.51328125 0.05546875 0.1125
0 0.634375 0.62421875 0.0671875 0.10859375
0 0.8875 0.7359375 0.06015625 0.09609375
0 0.6328125 0.8328125 0.06953125 0.09921875
0 0.95 0.41953125 0.0625 0.06640625
0 0.56328125 0.62421875 0.06953125 0.11328125
0 0.4890625 0.62421875 0.06875 0.1078125
0 0.415625 0.62578125 0.07265625 0.1078125
0 0.34765625 0.62734375 0.06171875 0.10859375
0 0.2921875 0.6265625 0.05390625 0.1109375
0 0.8203125 0.73515625 0.065625 0.09765625
0 0.75234375 0.7328125 0.065625 0.0984375
0 0.67734375 0.73203125 0.07578125 0.09921875
0 0.56796875 0.8359375 0.0625 0.10078125
0 0.50546875 0.8328125 0.0640625 0.10234375