0 0.02578125 0.6109375 0.0515625 0.12578125
0 0.97734375 0.8359375 0.04453125 0.12734375
0 0.9578125 0.7203125 0.08359375 0.096875
0 0.90703125 0.478125 0.07109375 0.1359375
0 0.234375 0.47421875 0.07109375 0.13984375
0 0.20625 0.15703125 0.06484375 0.14296875
0 0.3703125 0.325 0.0515625 0.14921875
0 0.76953125 0.325 0.0625 0.15859375
0 0.271875 0.15703125 0.05703125 0.1453125
0 0.33984375 0.1546875 0.06328125 0.15234375
0 0.42265625 0.15546875 0.0859375 0.1484375
0 0.08671875 0.6109375 0.06328125 0.12734375
0 0.15625 0.6125 0.071875 0.12578125
0 0.2328125 0.6140625 0.06953125 0.121875
0 0.30859375 0.61328125 0.065625 0.11484375
0 0.3796875 0.60859375 0.0609375 0.1203125
0 0.9046875 0.83671875 0.06953125 0.12265625
0 0.66640625 0.6109375 0.03671875 0.12421875