0 0.3921875 0.471875 0.06015625 0.10625
0 0.153125 0.3734375 0.05859375 0.071875
0 0.1578125 0.2953125 0.07265625 0.07890625
0 0.79609375 0.5671875 0.065625 0.05859375
0 0.1875 0.74453125 0.03828125 0.09453125
0 0.134375 0.12265625 0.07421875 0.1109375
0 0.22890625 0.7453125 0.03828125 0.09375
0 0.46640625 0.47265625 0.0796875 0.1078125
0 0.2140625 0.3734375 0.05390625 0.07265625
0 0.7328125 0.56640625 0.05546875 0.06328125
0 0.23671875 0.29765625 0.07421875 0.07890625
0 0.66328125 0.121875 0.04296875 0.1171875