0 0.54140625 0.21640625 0.04296875 0.08359375
0 0.478125 0.559375 0.04453125 0.08046875
0 0.471875 0.7328125 0.03984375 0.09296875
0 0.73125 0.7390625 0.0328125 0.07265625
0 0.9234375 0.73671875 0.03984375 0.07890625
0 0.8640625 0.8359375 0.078125 0.10625
0 0.7375 0.840625 0.03828125 0.10078125
0 0.115625 0.64921875 0.0453125 0.07421875
0 0.5890625 0.215625 0.05546875 0.090625
0 0.528125 0.559375 0.046875 0.08515625
0 0.6171875 0.64140625 0.04453125 0.084375
0 0.52734375 0.7328125 0.05703125 0.09375
0 0.9734375 0.73046875 0.04140625 0.07109375