0 0.728125 0.5875 0.04609375 0.08671875
0 0.7921875 0.48203125 0.0640625 0.09765625
0 0.97578125 0.58125 0.0484375 0.09296875
0 0.02421875 0.6359375 0.0484375 0.071875
0 0.97421875 0.76640625 0.05078125 0.0703125
0 0.60390625 0.85859375 0.0453125 0.09609375
0 0.0171875 0.4015625 0.034375 0.06953125
0 0.88984375 0.38203125 0.0421875 0.0859375
0 0.90859375 0.6828125 0.034375 0.090625
0 0.35625 0.7734375 0.05859375 0.06640625
0 0.01875 0.77265625 0.0375 0.0484375
0 0.05625 0.4015625 0.03984375 0.06953125
0 0.07265625 0.6375 0.0453125 0.071875
0 0.1296875 0.6375 0.0609375 0.06953125
0 0.6859375 0.58984375 0.05546875 0.090625
0 0.921875 0.58125 0.0546875 0.0921875
0 0.9171875 0.7671875 0.05859375 0.0640625
0 0.72109375 0.76953125 0.03984375 0.0703125