0 0.2625 0.58671875 0.040625 0.1109375
0 0.9265625 0.71015625 0.0453125 0.1109375
0 0.8875 0.8046875 0.03984375 0.07734375
0 0.465625 0.79765625 0.04921875 0.07578125
0 0.459375 0.5890625 0.0453125 0.11328125
0 0.021875 0.58828125 0.04296875 0.1078125
0 0.5140625 0.79765625 0.03671875 0.07578125
0 0.9765625 0.7109375 0.03828125 0.10546875
0 0.9296875 0.8078125 0.03671875 0.0734375
0 0.971875 0.80859375 0.0421875 0.0734375
0 0.0515625 0.69765625 0.03828125 0.10546875
0 0.4796875 0.70546875 0.02734375 0.103125
0 0.2484375 0.10859375 0.02890625 0.09296875
0 0.16328125 0.478125 0.0296875 0.09765625
0 0.85859375 0.5984375 0.02890625 0.11015625