0 0.71953125 0.5 0.0453125 0.11484375
0 0.83828125 0.56640625 0.0359375 0.128125
0 0.334375 0.7515625 0.040625 0.14296875
0 0.44140625 0.7515625 0.0453125 0.1359375
0 0.6421875 0.615625 0.0625 0.13125
0 0.30234375 0.3875 0.0609375 0.109375
0 0.76953125 0.496875 0.04140625 0.1078125
0 0.89140625 0.565625 0.04921875 0.12578125
0 0.946875 0.56484375 0.0515625 0.140625
0 0.9875 0.56796875 0.02421875 0.12734375
0 0.0984375 0.4515625 0.04140625 0.15234375
0 0.9796875 0.1484375 0.040625 0.1484375
0 0.621875 0.496875 0.03984375 0.1078125
0 0.02421875 0.89296875 0.034375 0.15859375