0 0.8328125 0.35078125 0.05 0.0671875
0 0.58828125 0.5125 0.053125 0.09921875
0 0.76171875 0.51171875 0.05390625 0.10546875
0 0.89765625 0.5171875 0.05703125 0.09765625
0 0.7703125 0.2625 0.05703125 0.0984375
0 0.02890625 0.52890625 0.0578125 0.0703125
0 0.41328125 0.61484375 0.053125 0.09765625
0 0.878125 0.7203125 0.0640625 0.09453125
0 0.02734375 0.74296875 0.05390625 0.07890625
0 0.671875 0.81875 0.0515625 0.1015625
0 0.08203125 0.74296875 0.05 0.0796875
0 0.809375 0.71875 0.065625 0.09921875
0 0.75234375 0.72109375 0.053125 0.096875
0 0.7015625 0.7171875 0.046875 0.10078125
0 0.778125 0.35078125 0.05 0.075
0 0.72578125 0.35 0.05859375 0.0703125
0 0.665625 0.353125 0.05 0.0703125
0 0.6015625 0.353125 0.0671875 0.06640625
0 0.08671875 0.53125 0.046875 0.06875
0 0.5265625 0.509375 0.07109375 0.10703125
0 0.3546875 0.6140625 0.05546875 0.103125
0 0.728125 0.42578125 0.0515625 0.0640625