0 0.03046875 0.65 0.0609375 0.090625
0 0.3375 0.821875 0.0546875 0.0796875
0 0.78671875 0.8203125 0.0421875 0.084375
0 0.02421875 0.82578125 0.0484375 0.0765625
0 0.34140625 0.33671875 0.065625 0.11015625
0 0.034375 0.078125 0.06875 0.125
0 0.28359375 0.2203125 0.0453125 0.11640625
0 0.09296875 0.64609375 0.0609375 0.0875
0 0.1578125 0.6484375 0.0625 0.09609375
0 0.2234375 0.646875 0.065625 0.090625
0 0.0765625 0.825 0.05 0.07890625
0 0.13125 0.825 0.053125 0.08203125
0 0.3953125 0.821875 0.053125 0.0828125
0 0.4578125 0.821875 0.0625 0.0828125
0 0.74453125 0.8234375 0.040625 0.0875