0 0.85 0.79140625 0.05 0.11015625
0 0.7125 0.9 0.04765625 0.10859375
0 0.0734375 0.784375 0.04921875 0.10234375
0 0.70546875 0.0390625 0.05625 0.078125
0 0.55859375 0.678125 0.0453125 0.11875
0 0.02421875 0.78515625 0.040625 0.10234375
0 0.765625 0.90234375 0.0515625 0.1109375
0 0.89921875 0.7890625 0.03671875 0.11015625
0 0.94296875 0.7890625 0.0421875 0.11015625
0 0.65625 0.5609375 0.0328125 0.12265625
0 0.76171875 0.0375 0.0453125 0.075
0 0.8109375 0.0390625 0.0421875 0.07578125
0 0.846875 0.0390625 0.0296875 0.078125
0 0.90859375 0.6796875 0.03515625 0.10703125