0 0.2890625 0.19140625 0.046875 0.0984375
0 0.02421875 0.21875 0.0453125 0.078125
0 0.453125 0.28984375 0.0671875 0.07578125
0 0.92578125 0.19609375 0.07109375 0.0890625
0 0.67265625 0.37265625 0.04921875 0.07109375
0 0.471875 0.4703125 0.05078125 0.09375
0 0.16328125 0.53984375 0.08359375 0.0703125
0 0.0546875 0.6859375 0.07109375 0.06171875
0 0.765625 0.67890625 0.05078125 0.09296875
0 0.74765625 0.76171875 0.0609375 0.06484375
0 0.9703125 0.59609375 0.05859375 0.05859375
0 0.6234375 0.375 0.04375 0.06953125
0 0.7125 0.67734375 0.05390625 0.096875
0 0.68671875 0.76171875 0.059375 0.06328125
0 0.2703125 0.7546875 0.06953125 0.0703125
0 0.92421875 0.7859375 0.0578125 0.0734375