0 0.975 0.5953125 0.05 0.09609375
0 0.146875 0.51875 0.065625 0.06484375
0 0.028125 0.51640625 0.05625 0.0609375
0 0.38671875 0.4859375 0.05859375 0.11171875
0 0.75625 0.1640625 0.04296875 0.0890625
0 0.578125 0.1578125 0.0484375 0.1015625
0 0.17578125 0.3578125 0.05546875 0.071875
0 0.52265625 0.6953125 0.0515625 0.0953125
0 0.471875 0.26015625 0.03828125 0.08828125
0 0.65703125 0.26328125 0.04453125 0.08515625
0 0.96875 0.26796875 0.0625 0.0796875
0 0.89921875 0.26875 0.06875 0.0859375
0 0.92109375 0.590625 0.05 0.09453125
0 0.46953125 0.69453125 0.05 0.1
0 0.5765625 0.80078125 0.05 0.12265625
0 0.553125 0.2578125 0.0359375 0.0984375