0 0.11484375 0.675 0.05 0.0859375
0 0.56015625 0.67265625 0.0453125 0.09921875
0 0.89453125 0.8625 0.05546875 0.090625
0 0.021875 0.86484375 0.04375 0.0875
0 0.3125 0.328125 0.0421875 0.1203125
0 0.13671875 0.19921875 0.11015625 0.13515625
0 0.24765625 0.04609375 0.10078125 0.0921875
0 0.90546875 0.19296875 0.0875 0.12109375
0 0.7734375 0.859375 0.0390625 0.0859375
0 0.509375 0.6703125 0.046875 0.10859375
0 0.1765625 0.675 0.05078125 0.084375
0 0.240625 0.66875 0.0609375 0.096875
0 0.309375 0.67421875 0.059375 0.09765625
0 0.93359375 0.3234375 0.05703125 0.11953125
0 0.23671875 0.5625 0.02890625 0.11328125