0 0.82890625 0.53828125 0.05390625 0.06875
0 0.65078125 0.70625 0.0453125 0.06875
0 0.2828125 0.28203125 0.03984375 0.06953125
0 0.59921875 0.18984375 0.05390625 0.08671875
0 0.8515625 0.7921875 0.0515625 0.09140625
0 0.54609375 0.1890625 0.053125 0.0875
0 0.490625 0.18984375 0.0453125 0.0890625
0 0.44453125 0.18984375 0.046875 0.08515625
0 0.32734375 0.28125 0.04140625 0.0734375
0 0.41640625 0.44921875 0.05390625 0.08125
0 0.603125 0.446875 0.05 0.084375
0 0.60546875 0.7078125 0.04453125 0.07109375
0 0.55078125 0.70703125 0.05703125 0.06875
0 0.796875 0.79296875 0.05859375 0.09453125
0 0.73828125 0.79140625 0.053125 0.09375
0 0.675 0.79140625 0.07109375 0.0921875
0 0.98359375 0.69765625 0.0328125 0.0859375
0 0.86953125 0.615625 0.04453125 0.07578125