0 0.11640625 0.6421875 0.0671875 0.12578125
0 0.80703125 0.7640625 0.0453125 0.10078125
0 0.1296875 0.8875 0.0609375 0.11875
0 0.66953125 0.38984375 0.05 0.1234375
0 0.86953125 0.76171875 0.06796875 0.09765625
0 0.1953125 0.63984375 0.07265625 0.13125
0 0.275 0.6390625 0.06015625 0.12890625
0 0.3375 0.634375 0.06015625 0.12109375
0 0.20546875 0.89140625 0.08359375 0.1265625
0 0.29453125 0.88671875 0.07265625 0.1328125
0 0.37265625 0.88984375 0.05703125 0.11875
0 0.4390625 0.88125 0.06484375 0.13671875
0 0.5078125 0.88203125 0.06796875 0.134375
0 0.58359375 0.8859375 0.078125 0.146875