0 0.071875 0.771875 0.0421875 0.225
0 0.6359375 0.5515625 0.040625 0.09375
0 0.03828125 0.171875 0.0515625 0.12421875
0 0.61640625 0.1765625 0.04765625 0.10625
0 0.90625 0.17734375 0.06953125 0.121875
0 0.87890625 0.28203125 0.02890625 0.090625
0 0.92109375 0.28125 0.0421875 0.0890625
0 0.103125 0.1703125 0.065625 0.1328125
0 0.16953125 0.17265625 0.053125 0.12890625
0 0.23125 0.17578125 0.05703125 0.1265625
0 0.28828125 0.1703125 0.05546875 0.12421875
0 0.3390625 0.16953125 0.040625 0.12890625
0 0.48515625 0.17421875 0.0640625 0.11328125
0 0.5421875 0.17265625 0.04375 0.11875
0 0.6703125 0.178125 0.04609375 0.121875
0 0.7265625 0.175 0.053125 0.1203125
0 0.78671875 0.175 0.0625 0.12265625
0 0.59765625 0.36328125 0.04609375 0.0921875
0 0.67734375 0.55078125 0.03125 0.09921875
0 0.7234375 0.553125 0.0453125 0.10234375
0 0.121875 0.76953125 0.053125 0.2234375
0 0.18359375 0.7671875 0.0625 0.22265625
0 0.9359375 0.678125 0.0203125 0.071875
0 0.971875 0.68046875 0.03125 0.0734375