0 0.29765625 0.715625 0.04765625 0.0828125
0 0.028125 0.803125 0.05546875 0.08515625
0 0.49609375 0.88359375 0.06640625 0.10625
0 0.68046875 0.578125 0.02734375 0.0859375
0 0.409375 0.490625 0.053125 0.084375
0 0.39765625 0.575 0.03515625 0.08203125
0 0.6453125 0.4890625 0.04609375 0.0859375
0 0.6640625 0.4046875 0.034375 0.0875
0 0.88515625 0.40546875 0.040625 0.0875
0 0.16640625 0.41328125 0.04921875 0.10234375
0 0.03984375 0.51796875 0.04609375 0.10234375
0 0.215625 0.51875 0.034375 0.1
0 0.92421875 0.3078125 0.04296875 0.10078125
0 0.7171875 0.57578125 0.03984375 0.0875
0 0.77109375 0.77578125 0.034375 0.1140625