0 0.10078125 0.3984375 0.04453125 0.07734375
0 0.4921875 0.3984375 0.04296875 0.0640625
0 0.14609375 0.3984375 0.03828125 0.07578125
0 0.190625 0.3984375 0.04140625 0.0796875
0 0.2390625 0.39921875 0.03828125 0.08046875
0 0.18515625 0.31328125 0.0328125 0.09453125
0 0.11484375 0.23125 0.04453125 0.0609375
0 0.45625 0.2375 0.0328125 0.05625
0 0.675 0.228125 0.02890625 0.07890625
0 0.74296875 0.22421875 0.0296875 0.0890625
0 0.85546875 0.22578125 0.0328125 0.09375
0 0.81484375 0.6328125 0.0484375 0.071875
0 0.83828125 0.7171875 0.0296875 0.08671875