0 0.47578125 0.26875 0.0484375 0.0890625
0 0.4765625 0.16796875 0.03828125 0.096875
0 0.3546875 0.28828125 0.0625 0.0921875
0 0.61015625 0.45234375 0.05859375 0.09375
0 0.8328125 0.453125 0.05234375 0.0953125
0 0.96953125 0.5546875 0.0609375 0.09765625
0 0.475 0.7671875 0.05859375 0.07109375
0 0.6328125 0.7734375 0.0515625 0.06640625
0 0.8671875 0.778125 0.0671875 0.06953125
0 0.021875 0.84375 0.04375 0.08125
0 0.89921875 0.26875 0.0640625 0.09140625
0 0.48125 0.359375 0.04296875 0.0921875
0 0.096875 0.38984375 0.0484375 0.11328125
0 0.37109375 0.684375 0.02734375 0.08671875
0 0.66484375 0.85390625 0.0359375 0.09296875
0 0.8421875 0.853125 0.03125 0.084375
0 0.0671875 0.85 0.03671875 0.08671875
0 0.415625 0.76796875 0.05 0.07265625
0 0.5859375 0.7765625 0.0328125 0.07109375
0 0.8 0.77578125 0.05546875 0.06796875
0 0.5890625 0.70625 0.0328125 0.07421875
0 0.9125 0.5546875 0.04453125 0.1
0 0.46015625 0.56015625 0.034375 0.0890625
0 0.528125 0.2703125 0.04453125 0.08984375
0 0.884375 0.16171875 0.03984375 0.11015625
0 0.9328125 0.04296875 0.0375 0.0859375
0 0.9765625 0.04296875 0.046875 0.0859375