0 0.9109375 0.3015625 0.07890625 0.10390625
0 0.89921875 0.18515625 0.05 0.09765625
0 0.76953125 0.44609375 0.04375 0.08984375
0 0.984375 0.43671875 0.03046875 0.10703125
0 0.47578125 0.203125 0.034375 0.10859375
0 0.584375 0.196875 0.03515625 0.10703125
0 0.5734375 0.76796875 0.02734375 0.10625
0 0.95078125 0.76328125 0.04375 0.1109375
0 0.79375 0.65859375 0.02421875 0.10078125
0 0.16171875 0.33046875 0.0296875 0.09921875
0 0.4140625 0.05546875 0.04921875 0.09921875
0 0.4640625 0.05703125 0.04609375 0.103125
0 0.51015625 0.05234375 0.0421875 0.1046875
0 0.5578125 0.0515625 0.040625 0.103125
0 0.6015625 0.053125 0.03671875 0.10234375
0 0.6421875 0.05078125 0.03125 0.1015625
0 0.675 0.05234375 0.0328125 0.10390625