0 0.11640625 0.2046875 0.078125 0.0984375
0 0.62578125 0.21875 0.1296875 0.10859375
0 0.80546875 0.221875 0.0640625 0.11328125
0 0.26328125 0.396875 0.0796875 0.05546875
0 0.20625 0.46953125 0.18203125 0.053125
0 0.2734375 0.54453125 0.09375 0.05546875
0 0.0578125 0.5421875 0.115625 0.05078125
0 0.271875 0.615625 0.27890625 0.05078125
0 0.553125 0.61875 0.084375 0.0484375
0 0.37109375 0.68828125 0.175 0.04765625
0 0.584375 0.68984375 0.07578125 0.04765625
0 0.065625 0.3109375 0.13046875 0.065625