0 0.0171875 0.5859375 0.034375 0.15
0 0.540625 0.184375 0.0328125 0.115625
0 0.79765625 0.409375 0.040625 0.0765625
0 0.83984375 0.41171875 0.03828125 0.0765625
0 0.8859375 0.4109375 0.0453125 0.08046875
0 0.0703125 0.5796875 0.053125 0.15078125
0 0.796875 0.50078125 0.03125 0.09921875
0 0.746875 0.5828125 0.0453125 0.0796875
0 0.37265625 0.6578125 0.02578125 0.07265625
0 0.409375 0.65234375 0.0453125 0.07421875
0 0.45546875 0.64609375 0.0421875 0.0703125
0 0.4984375 0.63828125 0.03828125 0.06953125
0 0.5375 0.634375 0.02578125 0.05859375
0 0.05625 0.82421875 0.03671875 0.13046875
0 0.10234375 0.8078125 0.04375 0.13515625
0 0.14765625 0.8 0.04765625 0.13671875
0 0.19375 0.790625 0.0421875 0.1359375
0 0.2453125 0.78125 0.0515625 0.12265625
0 0.55078125 0.7140625 0.03671875 0.096875
0 0.59453125 0.7125 0.03671875 0.10546875
0 0.6375 0.6953125 0.03828125 0.10546875
0 0.67734375 0.68671875 0.03984375 0.090625
0 0.71484375 0.68046875 0.0328125 0.10625
0 0.7546875 0.67578125 0.03671875 0.096875
0 0.7921875 0.6671875 0.03515625 0.0875
0 0.83046875 0.6609375 0.040625 0.0796875
0 0.65390625 0.7890625 0.0328125 0.0859375
0 0.69296875 0.778125 0.0328125 0.08359375
0 0.728125 0.7671875 0.02890625 0.08203125
0 0.765625 0.75390625 0.03515625 0.07421875