0 0.446875 0.29609375 0.078125 0.07109375
0 0.215625 0.4375 0.05703125 0.05859375
0 0.4375 0.43984375 0.04375 0.05859375
0 0.46953125 0.51875 0.0875 0.08515625
0 0.71640625 0.51875 0.065625 0.0828125
0 0.47109375 0.19765625 0.071875 0.0953125
0 0.9515625 0.21328125 0.0578125 0.0796875
0 0.5875 0.29609375 0.04921875 0.07265625
0 0.1234375 0.1984375 0.0375 0.08515625
0 0.18984375 0.36953125 0.0375 0.06796875
0 0.05078125 0.43359375 0.04375 0.05234375
0 0.63046875 0.5890625 0.08359375 0.0484375
0 0.23828125 0.65 0.04375 0.0671875
0 0.1625 0.43671875 0.04296875 0.06328125
0 0.87890625 0.44609375 0.03984375 0.06328125
0 0.02890625 0.0578125 0.05703125 0.08515625
0 0.33515625 0.0515625 0.06875 0.10234375
0 0.4109375 0.05234375 0.06875 0.103125
0 0.48359375 0.05390625 0.065625 0.103125
0 0.553125 0.0515625 0.06015625 0.10234375
0 0.62109375 0.0546875 0.0640625 0.10546875
0 0.68671875 0.0546875 0.05703125 0.10625