0 0.88671875 0.61796875 0.05234375 0.0859375
0 0.81875 0.8015625 0.05078125 0.0828125
0 0.0359375 0.8921875 0.071875 0.0765625
0 0.5328125 0.890625 0.0890625 0.0890625
0 0.85390625 0.88984375 0.05546875 0.0859375
0 0.9671875 0.80546875 0.0640625 0.084375
0 0.45625 0.3421875 0.06796875 0.09140625
0 0.08828125 0.33984375 0.0421875 0.10859375
0 0.32734375 0.34140625 0.04453125 0.096875
0 0.24296875 0.434375 0.04609375 0.10078125
0 0.1359375 0.4328125 0.0484375 0.08671875
0 0.0734375 0.43828125 0.034375 0.084375
0 0.7328125 0.61796875 0.0421875 0.08359375
0 0.3484375 0.61796875 0.06015625 0.08359375
0 0.7375 0.52265625 0.0671875 0.08125
0 0.62109375 0.7125 0.0578125 0.084375
0 0.34453125 0.80703125 0.04453125 0.07890625
0 0.3875 0.80234375 0.03828125 0.0875
0 0.88515625 0.803125 0.07734375 0.09140625
0 0.6921875 0.8921875 0.06171875 0.09296875
0 0.1 0.8890625 0.065625 0.07890625
0 0.16015625 0.8890625 0.05390625 0.08671875
0 0.9625 0.72109375 0.075 0.0828125
0 0.4984375 0.165625 0.05625 0.09296875
0 0.5640625 0.165625 0.06328125 0.09453125
0 0.63046875 0.16484375 0.07734375 0.1
0 0.70234375 0.175 0.0578125 0.10546875
0 0.77265625 0.175 0.08671875 0.1140625
0 0.85625 0.1765625 0.08125 0.121875
0 0.94140625 0.17578125 0.08515625 0.11484375