0 0.2359375 0.6703125 0.07734375 0.09765625
0 0.51015625 0.7578125 0.0609375 0.0796875
0 0.97734375 0.6765625 0.0453125 0.1046875
0 0.90390625 0.37265625 0.04609375 0.0859375
0 0.7234375 0.13515625 0.06953125 0.1140625
0 0.0796875 0.4640625 0.03671875 0.10703125
0 0.215625 0.76015625 0.034375 0.0703125
0 0.9859375 0.5703125 0.028125 0.096875
0 0.4984375 0.13671875 0.040625 0.078125
0 0.5515625 0.1421875 0.04921875 0.0953125
0 0.6046875 0.14609375 0.0609375 0.09375
0 0.6578125 0.146875 0.040625 0.09765625