0 0.72890625 0.434375 0.06484375 0.10234375
0 0.20625 0.10703125 0.05703125 0.11171875
0 0.7078125 0.70546875 0.0515625 0.08046875
0 0.37734375 0.62265625 0.053125 0.06875
0 0.24765625 0.7875 0.0453125 0.08046875
0 0.08828125 0.33203125 0.05 0.08515625
0 0.6703125 0.43515625 0.04375 0.10390625
0 0.625 0.4375 0.0453125 0.11015625
0 0.24609375 0.44609375 0.06640625 0.07578125
0 0.3 0.790625 0.053125 0.0859375
0 0.6578125 0.70390625 0.03671875 0.084375
0 0.33671875 0.54765625 0.04375 0.0765625
0 0.359375 0.3359375 0.04296875 0.084375
0 0.30234375 0.3390625 0.0515625 0.0859375
0 0.1359375 0.33515625 0.03671875 0.0828125