0 0.4359375 0.28359375 0.04609375 0.06953125
0 0.128125 0.2890625 0.07890625 0.06953125
0 0.15625 0.20390625 0.0625 0.07734375
0 0.02734375 0.53828125 0.04609375 0.0734375
0 0.18359375 0.61015625 0.0546875 0.0703125
0 0.34609375 0.5375 0.040625 0.07734375
0 0.9453125 0.6875 0.04921875 0.0703125
0 0.4421875 0.78203125 0.03125 0.1109375
0 0.08125 0.5390625 0.0453125 0.07421875
0 0.1296875 0.53828125 0.040625 0.0734375
0 0.49140625 0.28125 0.05703125 0.0765625
0 0.2046875 0.28828125 0.0640625 0.06953125
0 0.2140625 0.20390625 0.03828125 0.0859375
0 0.26328125 0.2 0.0453125 0.0890625