0 0.9015625 0.1703125 0.07421875 0.10625
0 0.0234375 0.1828125 0.04609375 0.09765625
0 0.95703125 0.4265625 0.0859375 0.0609375
0 0.7328125 0.4984375 0.0640625 0.0703125
0 0.40390625 0.5703125 0.04140625 0.07890625
0 0.63125 0.575 0.03828125 0.08046875
0 0.81796875 0.57890625 0.03125 0.08125
0 0.56484375 0.6484375 0.059375 0.06328125
0 0.525 0.43046875 0.0515625 0.053125
0 0.82265625 0.4171875 0.05 0.059375
0 0.04296875 0.35390625 0.05546875 0.06484375
0 0.07734375 0.184375 0.05625 0.09296875
0 0.825 0.1703125 0.07109375 0.10625
0 0.75390625 0.16953125 0.065625 0.10234375
0 0.5828125 0.43203125 0.059375 0.059375
0 0.640625 0.4296875 0.0515625 0.06171875
0 0.1046875 0.353125 0.06796875 0.0640625
0 0.88125 0.49921875 0.0640625 0.06640625
0 0.27265625 0.78046875 0.0515625 0.065625
0 0.3296875 0.78046875 0.05546875 0.06015625
0 0.3828125 0.7828125 0.04765625 0.0609375
0 0.51484375 0.79140625 0.05 0.06015625
0 0.5765625 0.796875 0.0578125 0.0640625
0 0.7234375 0.80546875 0.03203125 0.0609375
0 0.76796875 0.803125 0.03828125 0.05390625
0 0.81328125 0.8078125 0.034375 0.05859375
0 0.853125 0.80859375 0.03984375 0.0609375
0 0.93203125 0.82421875 0.03828125 0.06875
0 0.97890625 0.82578125 0.0359375 0.0671875
0 0.89375 0.81171875 0.03828125 0.0625
0 0.33671875 0.86640625 0.0359375 0.08125
0 0.37578125 0.86796875 0.0375 0.08046875
0 0.584375 0.87890625 0.04765625 0.08984375
0 0.63984375 0.88046875 0.04765625 0.08984375
0 0.36171875 0.5703125 0.0375 0.078125
0 0.58828125 0.57578125 0.0421875 0.07578125
0 0.778125 0.57734375 0.04921875 0.08359375