0 0.8328125 0.34296875 0.0640625 0.1234375
0 0.28671875 0.23046875 0.071875 0.115625
0 0.96953125 0.77734375 0.0515625 0.08359375
0 0.39296875 0.775 0.053125 0.084375
0 0.34609375 0.87890625 0.03515625 0.1203125
0 0.8234375 0.67734375 0.03984375 0.10703125
0 0.92421875 0.45703125 0.040625 0.10078125
0 0.90234375 0.33828125 0.06953125 0.1171875
0 0.21640625 0.23203125 0.07109375 0.1140625
0 0.15390625 0.22890625 0.06015625 0.109375
0 0.0203125 0.684375 0.03828125 0.09765625
0 0.684375 0.778125 0.0421875 0.0796875
0 0.27265625 0.46015625 0.03984375 0.09921875