0 0.93828125 0.43515625 0.05234375 0.10234375
0 0.10078125 0.43125 0.05625 0.11015625
0 0.4484375 0.54140625 0.04609375 0.09609375
0 0.28671875 0.65546875 0.04609375 0.11875
0 0.5046875 0.2015625 0.06953125 0.11640625
0 0.15546875 0.434375 0.04609375 0.1125
0 0.20703125 0.434375 0.05 0.109375
0 0.2625 0.43515625 0.05234375 0.109375
0 0.321875 0.434375 0.05859375 0.11015625
0 0.8828125 0.434375 0.05234375 0.10546875
0 0.8265625 0.43359375 0.053125 0.10703125
0 0.49609375 0.540625 0.04140625 0.09609375