0 0.1484375 0.53671875 0.08515625 0.0453125
0 0.2296875 0.6078125 0.04453125 0.053125
0 0.08828125 0.6140625 0.03671875 0.0546875
0 0.575 0.58828125 0.05859375 0.04921875
0 0.75546875 0.58125 0.05859375 0.04921875
0 0.478125 0.66953125 0.05546875 0.053125
0 0.61328125 0.659375 0.0609375 0.053125
0 0.48359375 0.7359375 0.05234375 0.0375
0 0.29921875 0.82421875 0.10859375 0.04453125
0 0.69921875 0.790625 0.034375 0.0515625
0 0.74609375 0.50859375 0.08671875 0.04140625
0 0.71484375 0.37734375 0.06875 0.03828125