0 0.05859375 0.78359375 0.1140625 0.23515625
0 0.6015625 0.534375 0.0609375 0.1265625
0 0.5875 0.07890625 0.0609375 0.13046875
0 0.41875 0.07734375 0.06015625 0.1125
0 0.13984375 0.0828125 0.059375 0.10859375
0 0.9640625 0.09765625 0.06171875 0.10234375
0 0.9625 0.66640625 0.075 0.0671875
0 0.9015625 0.0890625 0.05546875 0.10703125
0 0.6671875 0.078125 0.0875 0.13515625
0 0.7515625 0.0828125 0.053125 0.12265625
0 0.81796875 0.07734375 0.07578125 0.13046875
0 0.48515625 0.0734375 0.059375 0.13203125
0 0.21640625 0.08046875 0.0859375 0.12109375
0 0.67890625 0.53515625 0.0796875 0.12109375