0 0.871875 0.246875 0.07109375 0.10234375
0 0.88359375 0.58203125 0.0640625 0.090625
0 0.22265625 0.77109375 0.0671875 0.08046875
0 0.12265625 0.8578125 0.08828125 0.09375
0 0.70703125 0.86171875 0.046875 0.07109375
0 0.796875 0.24765625 0.06953125 0.1078125
0 0.72578125 0.2484375 0.06953125 0.11171875
0 0.6546875 0.2515625 0.06953125 0.10859375
0 0.5765625 0.26484375 0.084375 0.0765625
0 0.50078125 0.0875 0.08125 0.15703125
0 0.4140625 0.0890625 0.08984375 0.1625
0 0.3203125 0.0921875 0.08828125 0.16640625
0 0.23125 0.0921875 0.084375 0.17421875
0 0.14140625 0.09140625 0.096875 0.175
0 0.41171875 0.37890625 0.0625 0.11640625
0 0.340625 0.38046875 0.07109375 0.115625
0 0.2671875 0.3828125 0.06953125 0.1203125
0 0.1921875 0.384375 0.0828125 0.11796875
0 0.1078125 0.38671875 0.084375 0.11953125
0 0.03125 0.38828125 0.0625 0.1203125
0 0.32734375 0.58671875 0.07109375 0.09296875
0 0.25 0.58515625 0.08125 0.0921875
0 0.16796875 0.5875 0.0765625 0.08828125
0 0.0859375 0.58828125 0.07578125 0.09140625
0 0.203125 0.85703125 0.06953125 0.09453125
0 0.29375 0.7671875 0.06875 0.08828125
0 0.9140625 0.6765625 0.05859375 0.090625
0 0.90625 0.8671875 0.065625 0.090625