0 0.1421875 0.05 0.16953125 0.09921875
0 0.72734375 0.05078125 0.5453125 0.1
0 0.13671875 0.20546875 0.08203125 0.0921875
0 0.48984375 0.196875 0.06875 0.11484375
0 0.078125 0.30859375 0.15625 0.07265625
0 0.3875 0.309375 0.075 0.071875
0 0.5875 0.31015625 0.125 0.07109375
0 0.91171875 0.31171875 0.06640625 0.06953125
0 0.49921875 0.48046875 0.0375 0.07734375
0 0.890625 0.653125 0.04765625 0.0546875
0 0.62578125 0.78828125 0.06875 0.053125
0 0.4375 0.865625 0.05859375 0.06328125
0 0.09296875 0.65 0.05625 0.0578125