0 0.328125 0.33515625 0.04765625 0.10703125
0 0.475 0.33203125 0.04921875 0.115625
0 0.48046875 0.74453125 0.05390625 0.103125
0 0.37890625 0.33671875 0.04765625 0.10859375
0 0.55078125 0.1578125 0.05234375 0.08359375
0 0.496875 0.15546875 0.04921875 0.0859375
0 0.44609375 0.1578125 0.05234375 0.08671875
0 0.39296875 0.15546875 0.05390625 0.0890625
0 0.33984375 0.153125 0.04921875 0.09609375
0 0.7953125 0.153125 0.05390625 0.10234375
0 0.85234375 0.1546875 0.04765625 0.1015625
0 0.90390625 0.1546875 0.04765625 0.1046875
0 0.53203125 0.74375 0.04609375 0.103125