0 0.60078125 0.53046875 0.0578125 0.11015625
0 0.03203125 0.79921875 0.0640625 0.19453125
0 0.1421875 0.078125 0.06015625 0.12421875
0 0.42578125 0.07890625 0.06953125 0.1140625
0 0.58046875 0.0796875 0.05 0.13671875
0 0.934375 0.09296875 0.0765625 0.10546875
0 0.64375 0.07734375 0.0609375 0.1390625
0 0.709375 0.08046875 0.046875 0.13046875
0 0.7703125 0.078125 0.0609375 0.13515625
0 0.8375 0.0765625 0.065625 0.12578125
0 0.49765625 0.07265625 0.06328125 0.12734375
0 0.21640625 0.07109375 0.07734375 0.13046875
0 0.67734375 0.53828125 0.071875 0.11171875
0 0.96640625 0.66875 0.065625 0.0625
0 0.10703125 0.78359375 0.071875 0.21328125