0 0.23671875 0.54765625 0.05390625 0.09140625
0 0.38828125 0.4453125 0.05234375 0.05078125
0 0.14296875 0.3765625 0.05234375 0.08203125
0 0.80390625 0.6953125 0.08671875 0.08359375
0 0.3015625 0.7875 0.0609375 0.103125
0 0.62265625 0.6078125 0.0515625 0.0859375
0 0.321875 0.13203125 0.0484375 0.13671875
0 0.54140625 0.15 0.034375 0.10546875
0 0.65078125 0.31640625 0.0453125 0.07578125
0 0.1984375 0.3734375 0.05234375 0.0828125
0 0.81875 0.45625 0.03125 0.06875
0 0.29375 0.5453125 0.0453125 0.09296875
0 0.3640625 0.78671875 0.046875 0.1015625
0 0.41796875 0.7875 0.04140625 0.10078125
0 0.4609375 0.78671875 0.0328125 0.1015625
0 0.85 0.8 0.03828125 0.09453125
0 0.95 0.79921875 0.03671875 0.08046875