0 0.47890625 0.6140625 0.03984375 0.11953125
0 0.5109375 0.28984375 0.0640625 0.11015625
0 0.315625 0.1625 0.0546875 0.1296875
0 0.3953125 0.29296875 0.0453125 0.1109375
0 0.43671875 0.615625 0.04765625 0.115625
0 0.2234375 0.6171875 0.03515625 0.12265625
0 0.20390625 0.16875 0.0421875 0.1203125
0 0.8390625 0.49296875 0.03828125 0.096875
0 0.87890625 0.48984375 0.034375 0.096875
0 0.95625 0.49296875 0.0234375 0.10390625
0 0.98671875 0.48984375 0.0265625 0.10234375
0 0.71484375 0.7078125 0.02734375 0.0875
0 0.7546875 0.70703125 0.03671875 0.0875
0 0.796875 0.7046875 0.03828125 0.0859375
0 0.6 0.89140625 0.0421875 0.06953125
0 0.6515625 0.890625 0.0421875 0.065625
0 0.69609375 0.8921875 0.0296875 0.06328125
0 0.73671875 0.88828125 0.0328125 0.0671875
0 0.77890625 0.88984375 0.03515625 0.0671875
0 0.81796875 0.8875 0.02890625 0.0609375
0 0.8546875 0.88515625 0.02890625 0.0625
0 0.890625 0.88359375 0.03828125 0.06640625
0 0.9328125 0.88359375 0.03515625 0.06640625
0 0.978125 0.88359375 0.04375 0.0671875
0 0.0890625 0.39921875 0.03984375 0.10625