0 0.37265625 0.36328125 0.04140625 0.12265625
0 0.25234375 0.36015625 0.06015625 0.121875
0 0.109375 0.359375 0.07734375 0.121875
0 0.69921875 0.3640625 0.04296875 0.12265625
0 0.81796875 0.15703125 0.03984375 0.1171875
0 0.6953125 0.24453125 0.07578125 0.05390625
0 0.496875 0.0453125 0.05 0.090625
0 0.5484375 0.47265625 0.06640625 0.1
0 0.6265625 0.68125 0.05859375 0.1015625
0 0.4578125 0.68359375 0.06953125 0.103125
0 0.26953125 0.68203125 0.04140625 0.1078125
0 0.865625 0.15546875 0.04609375 0.121875
0 0.915625 0.15625 0.03828125 0.121875
0 0.96875 0.15703125 0.05390625 0.11953125
0 0.5515625 0.26328125 0.03203125 0.0703125
0 0.43203125 0.36328125 0.06484375 0.12421875
0 0.75234375 0.36328125 0.04765625 0.12421875
0 0.353125 0.4828125 0.03671875 0.1125
0 0.103125 0.48828125 0.04296875 0.1015625
0 0.71328125 0.4875 0.04609375 0.10390625
0 0.11484375 0.59140625 0.05078125 0.07890625
0 0.32578125 0.68203125 0.05234375 0.109375
0 0.68359375 0.6828125 0.04296875 0.10625
0 0.7421875 0.684375 0.05859375 0.10078125
0 0.37890625 0.7875 0.03515625 0.1015625
0 0.8671875 0.3734375 0.03359375 0.10625
0 0.55078125 0.0453125 0.04296875 0.08984375
0 0.6015625 0.04453125 0.04609375 0.0890625
0 0.64140625 0.04609375 0.0328125 0.0921875