0 0.2875 0.290625 0.046875 0.05859375
0 0.21875 0.34921875 0.046875 0.0546875
0 0.4796875 0.421875 0.0484375 0.078125
0 0.84921875 0.496875 0.04296875 0.07578125
0 0.11484375 0.640625 0.04453125 0.0671875
0 0.71953125 0.63984375 0.03984375 0.06953125
0 0.6953125 0.71015625 0.06171875 0.0640625
0 0.415625 0.70546875 0.07421875 0.0578125
0 0.86796875 0.7078125 0.05703125 0.06328125
0 0.74375 0.85625 0.06171875 0.09375
0 0.0390625 0.77734375 0.078125 0.06328125
0 0.34296875 0.29140625 0.05859375 0.0609375
0 0.39765625 0.29140625 0.04140625 0.0609375
0 0.44453125 0.2890625 0.04140625 0.0609375
0 0.27109375 0.35234375 0.04296875 0.06015625
0 0.31953125 0.35078125 0.04296875 0.06015625
0 0.3703125 0.3515625 0.05 0.059375
0 0.4234375 0.35 0.03984375 0.0609375
0 0.4703125 0.353125 0.04140625 0.06484375
0 0.16640625 0.64296875 0.04140625 0.0734375
0 0.215625 0.63984375 0.0453125 0.06796875
0 0.77109375 0.63984375 0.046875 0.06796875
0 0.9484375 0.34921875 0.046875 0.0578125
0 0.9265625 0.49609375 0.03828125 0.075
0 0.8625 0.853125 0.04453125 0.08125
0 0.91953125 0.85546875 0.0515625 0.1015625
0 0.11953125 0.85546875 0.03359375 0.0875