0 0.88671875 0.18125 0.0671875 0.0828125
0 0.51015625 0.27265625 0.05703125 0.08203125
0 0.16640625 0.2625 0.0484375 0.0921875
0 0.56015625 0.603125 0.0625 0.09921875
0 0.875 0.703125 0.0515625 0.09375
0 0.0703125 0.7109375 0.05234375 0.103125
0 0.8203125 0.18046875 0.0625 0.08203125
0 0.74609375 0.17578125 0.07578125 0.08671875
0 0.4578125 0.27109375 0.046875 0.084375
0 0.4125 0.2703125 0.04453125 0.0890625
0 0.49375 0.60390625 0.05859375 0.1015625
0 0.93125 0.7046875 0.0515625 0.09296875
0 0.13125 0.8265625 0.0515625 0.1125
0 0.29375 0.15546875 0.04296875 0.1171875