0 0.9609375 0.525 0.06796875 0.11953125
0 0.44765625 0.5484375 0.05234375 0.125
0 0.30390625 0.55078125 0.07265625 0.12734375
0 0.03828125 0.29296875 0.0765625 0.11484375
0 0.96328125 0.28671875 0.07265625 0.09765625
0 0.559375 0.13828125 0.06953125 0.1328125
0 0.90390625 0.64453125 0.05703125 0.1015625
0 0.56953125 0.66015625 0.0796875 0.10703125
0 0.7328125 0.884375 0.059375 0.12734375
0 0.12578125 0.29375 0.08828125 0.11328125
0 0.2125 0.2921875 0.078125 0.11328125
0 0.8875 0.2875 0.07265625 0.10390625
0 0.81328125 0.2875 0.075 0.10390625
0 0.734375 0.2890625 0.07265625 0.10390625
0 0.65703125 0.2890625 0.07109375 0.109375
0 0.58515625 0.290625 0.06953125 0.1078125
0 0.5078125 0.290625 0.075 0.109375
0 0.43125 0.290625 0.07109375 0.11875
0 0.3609375 0.28671875 0.0796875 0.12265625
0 0.628125 0.1390625 0.0625 0.13125
0 0.8484375 0.64609375 0.05 0.1015625
0 0.88515625 0.5328125 0.06953125 0.11953125