0 0.2828125 0.22890625 0.03671875 0.1
0 0.13515625 0.21953125 0.04609375 0.1015625
0 0.29140625 0.6421875 0.03828125 0.1109375
0 0.7109375 0.6921875 0.103125 0.10078125
0 0.72578125 0.58359375 0.065625 0.10078125
0 0.215625 0.7546875 0.03671875 0.11875
0 0.8921875 0.128125 0.02421875 0.09375
0 0.06640625 0.453125 0.046875 0.0859375
0 0.10625 0.44921875 0.0328125 0.08125
0 0.1234375 0.53671875 0.034375 0.075
0 0.57109375 0.78359375 0.071875 0.096875
0 0.65859375 0.790625 0.08359375 0.09765625
0 0.7515625 0.7859375 0.06953125 0.0828125
0 0.82421875 0.7921875 0.059375 0.0890625
0 0.91875 0.78359375 0.08984375 0.10546875