0 0.82109375 0.29140625 0.0546875 0.1265625
0 0.21015625 0.43828125 0.0421875 0.1328125
0 0.3 0.434375 0.03671875 0.1375
0 0.5453125 0.434375 0.0421875 0.1328125
0 0.90859375 0.5671875 0.06015625 0.1359375
0 0.19609375 0.825 0.03828125 0.11875
0 0.84921875 0.82578125 0.04765625 0.11953125
0 0.309375 0.9421875 0.0625 0.1109375
0 0.5125 0.94296875 0.06640625 0.11328125
0 0.75625 0.9421875 0.071875 0.115625
0 0.9515625 0.940625 0.096875 0.11875
0 0.1609375 0.57421875 0.0515625 0.1375
0 0.57421875 0.29296875 0.04765625 0.12890625
0 0.97265625 0.15078125 0.0546875 0.1265625
0 0.02421875 0.15703125 0.0484375 0.1359375
0 0.24921875 0.9421875 0.0546875 0.115625
0 0.23671875 0.82578125 0.04375 0.115625
0 0.796875 0.8265625 0.053125 0.11640625
0 0.7671875 0.70234375 0.0609375 0.12734375
0 0.07890625 0.15546875 0.0546875 0.1390625
0 0.13515625 0.1546875 0.053125 0.1359375
0 0.91875 0.15078125 0.05546875 0.12890625
0 0.8609375 0.15390625 0.053125 0.13203125
0 0.80546875 0.15390625 0.053125 0.1328125
0 0.74921875 0.153125 0.0546875 0.1390625
0 0.69375 0.15234375 0.05546875 0.1390625
0 0.63828125 0.153125 0.05 0.14296875
0 0.58125 0.15234375 0.04921875 0.1390625
0 0.525 0.153125 0.053125 0.14296875
0 0.47109375 0.15078125 0.0625 0.13984375
0 0.41015625 0.15078125 0.0546875 0.146875
0 0.353125 0.1515625 0.05 0.14375
0 0.3046875 0.1515625 0.05859375 0.1484375
0 0.77421875 0.29296875 0.05 0.1265625