0 0.7125 0.171875 0.06171875 0.04375
0 0.46953125 0.30703125 0.04921875 0.09765625
0 0.0390625 0.32890625 0.078125 0.05859375
0 0.0203125 0.4015625 0.028125 0.08828125
0 0.39609375 0.4046875 0.0359375 0.09453125
0 0.84453125 0.40078125 0.04765625 0.0875
0 0.08515625 0.63984375 0.03359375 0.06953125
0 0.034375 0.72421875 0.04921875 0.0734375
0 0.24921875 0.82890625 0.04375 0.05625
0 0.690625 0.76328125 0.03828125 0.0625
0 0.88125 0.3078125 0.03203125 0.090625
0 0.52265625 0.3046875 0.04765625 0.10078125
0 0.5765625 0.3078125 0.04765625 0.1015625
0 0.6296875 0.30390625 0.04765625 0.10078125
0 0.6828125 0.3046875 0.05625 0.10390625
0 0.74296875 0.30234375 0.059375 0.10234375
0 0.9359375 0.30234375 0.065625 0.10390625
0 0.071875 0.40546875 0.06171875 0.08515625
0 0.44140625 0.4015625 0.05390625 0.08984375
0 0.9625 0.1625 0.03984375 0.04921875
0 0.465625 0.16875 0.03828125 0.05390625
0 0.72421875 0.50078125 0.0515625 0.0796875
0 0.9515625 0.584375 0.04921875 0.0890625
0 0.13359375 0.6375 0.04609375 0.0828125
0 0.7390625 0.76171875 0.0421875 0.065625
0 0.784375 0.76328125 0.03828125 0.0625
0 0.8515625 0.765625 0.04609375 0.0671875
0 0.1546875 0.76171875 0.03984375 0.0734375
0 0.04921875 0.5578125 0.059375 0.06953125
0 0.29765625 0.83046875 0.03984375 0.0640625
0 0.346875 0.8296875 0.04921875 0.0671875
0 0.5859375 0.828125 0.04765625 0.059375
0 0.68984375 0.82578125 0.0453125 0.059375