0 0.246875 0.46171875 0.034375 0.078125
0 0.3734375 0.3875 0.02734375 0.0671875
0 0.2546875 0.384375 0.02578125 0.06953125
0 0.259375 0.31328125 0.03046875 0.0671875
0 0.41640625 0.315625 0.0421875 0.0625
0 0.5109375 0.540625 0.03203125 0.0734375
0 0.29296875 0.61640625 0.0390625 0.071875
0 0.2375 0.5375 0.0375 0.06875
0 0.653125 0.54140625 0.03359375 0.078125
0 0.83828125 0.540625 0.059375 0.078125
0 0.24921875 0.24453125 0.0265625 0.06015625
0 0.8484375 0.2421875 0.02421875 0.05859375
0 0.44765625 0.46015625 0.04375 0.071875
0 0.87734375 0.24140625 0.02265625 0.0640625
0 0.409375 0.3875 0.03046875 0.0703125
0 0.44609375 0.38671875 0.0390625 0.06640625
0 0.2921875 0.46015625 0.040625 0.08046875
0 0.54921875 0.540625 0.0328125 0.07578125
0 0.6984375 0.5375 0.0453125 0.0828125
0 0.28203125 0.5390625 0.02890625 0.07265625
0 0.34296875 0.61640625 0.04921875 0.08046875
0 0.5109375 0.24375 0.02578125 0.0609375
0 0.603125 0.2421875 0.021875 0.0640625
0 0.71875 0.38359375 0.02421875 0.0765625