0 0.74375 0.21171875 0.03984375 0.0484375
0 0.25703125 0.49765625 0.05234375 0.08828125
0 0.56015625 0.78203125 0.06015625 0.08515625
0 0.28359375 0.87734375 0.05703125 0.09375
0 0.7296875 0.70546875 0.0328125 0.07890625
0 0.61875 0.784375 0.04140625 0.084375
0 0.66796875 0.78515625 0.0453125 0.08359375
0 0.7296875 0.78671875 0.065625 0.08203125
0 0.346875 0.8796875 0.05546875 0.0953125
0 0.40703125 0.8796875 0.046875 0.09140625
0 0.459375 0.8765625 0.04453125 0.0953125
0 0.7890625 0.20546875 0.0484375 0.05546875
0 0.83515625 0.20625 0.0328125 0.0625
0 0.8828125 0.2046875 0.0515625 0.0625
0 0.93984375 0.203125 0.0515625 0.07109375
0 0.31328125 0.49765625 0.0453125 0.0859375
0 0.3546875 0.496875 0.034375 0.0859375
0 0.72578125 0.41484375 0.02734375 0.084375
0 0.68203125 0.5953125 0.03125 0.08515625