0 0.70546875 0.40859375 0.06171875 0.065625
0 0.86015625 0.4078125 0.08828125 0.06796875
0 0.8609375 0.3328125 0.06171875 0.090625
0 0.24375 0.33046875 0.03671875 0.08203125
0 0.34453125 0.409375 0.0328125 0.06171875
0 0.16796875 0.55 0.05546875 0.06953125
0 0.409375 0.5453125 0.0484375 0.071875
0 0.540625 0.48125 0.03125 0.0625
0 0.3296875 0.72265625 0.03984375 0.0859375
0 0.96328125 0.67890625 0.0734375 0.0828125
0 0.0859375 0.8296875 0.0484375 0.10078125
0 0.22578125 0.54921875 0.053125 0.07421875
0 0.284375 0.5453125 0.046875 0.07578125