0 0.42578125 0.35625 0.071875 0.040625
0 0.5421875 0.34765625 0.08359375 0.0515625
0 0.825 0.34375 0.19453125 0.05390625
0 0.1671875 0.43828125 0.14140625 0.0390625
0 0.34609375 0.4359375 0.11796875 0.03671875
0 0.7703125 0.4296875 0.290625 0.0453125
0 0.12109375 0.4984375 0.0671875 0.04453125
0 0.46328125 0.49921875 0.05 0.0421875
0 0.2234375 0.50234375 0.028125 0.0375
0 0.5703125 0.50078125 0.0296875 0.03984375
0 0.0390625 0.5828125 0.065625 0.0546875
0 0.7234375 0.57265625 0.05546875 0.04140625
0 0.56953125 0.65078125 0.1953125 0.0390625
0 0.07109375 0.7953125 0.13359375 0.04140625
0 0.21953125 0.8 0.05 0.04765625
0 0.64453125 0.803125 0.12890625 0.0484375
0 0.8015625 0.73515625 0.0671875 0.02734375
0 0.41328125 0.87890625 0.0734375 0.046875
0 0.6234375 0.87890625 0.0453125 0.05078125
0 0.8828125 0.65703125 0.078125 0.02734375
0 0.85234375 0.80078125 0.0578125 0.05390625