0 0.4625 0.22890625 0.05 0.109375
0 0.10078125 0.2015625 0.08984375 0.09453125
0 0.7765625 0.23125 0.05390625 0.11015625
0 0.9609375 0.23828125 0.07265625 0.11640625
0 0.78046875 0.04765625 0.02578125 0.09375
0 0.82109375 0.04609375 0.03828125 0.090625
0 0.3484375 0.86796875 0.03828125 0.11484375
0 0.51796875 0.2265625 0.040625 0.109375
0 0.81328125 0.43984375 0.0578125 0.0890625
0 0.88671875 0.4359375 0.07265625 0.09375
0 0.62734375 0.596875 0.053125 0.08046875
0 0.68359375 0.59453125 0.046875 0.08984375
0 0.72890625 0.5921875 0.046875 0.08046875
0 0.7796875 0.67890625 0.02578125 0.09140625
0 0.828125 0.67578125 0.04921875 0.109375
0 0.87734375 0.678125 0.028125 0.0953125
0 0.58984375 0.7703125 0.034375 0.09140625
0 0.63984375 0.771875 0.0359375 0.08984375
0 0.6828125 0.76875 0.040625 0.10703125
0 0.8671875 0.77421875 0.03828125 0.08203125
0 0.91484375 0.7671875 0.02578125 0.078125
0 0.9625 0.775 0.053125 0.1