0 0.6484375 0.3203125 0.0640625 0.12734375
0 0.53515625 0.75078125 0.065625 0.15234375
0 0.9125 0.47890625 0.05546875 0.0859375
0 0.94765625 0.33125 0.103125 0.153125
0 0.5234375 0.10859375 0.05703125 0.0859375
0 0.978125 0.203125 0.04375 0.0921875
0 0.9734375 0.09921875 0.05234375 0.1140625
0 0.58125 0.31875 0.06171875 0.12890625
0 0.925 0.20625 0.05703125 0.08984375
0 0.86484375 0.2015625 0.0515625 0.08359375
0 0.79921875 0.20234375 0.06875 0.0828125
0 0.7328125 0.2 0.0640625 0.08671875
0 0.6671875 0.2 0.07265625 0.08828125
0 0.59453125 0.2 0.0671875 0.08671875
0 0.521875 0.2 0.06875 0.0890625
0 0.45390625 0.1984375 0.06875 0.0875
0 0.3875 0.196875 0.0640625 0.084375
0 0.31640625 0.196875 0.0625 0.0875
0 0.25078125 0.1953125 0.065625 0.08515625
0 0.18203125 0.19296875 0.078125 0.0828125
0 0.10703125 0.19140625 0.06875 0.0890625
0 0.4640625 0.109375 0.05703125 0.0875
0 0.40703125 0.10625 0.0625 0.08046875
0 0.91328125 0.10078125 0.0625 0.11640625
0 0.8453125 0.09921875 0.06171875 0.11171875
0 0.78515625 0.09765625 0.0625 0.1046875
0 0.7265625 0.09765625 0.0515625 0.10703125
0 0.46875 0.75 0.0640625 0.15390625
0 0.41328125 0.746875 0.05546875 0.1546875
0 0.8921875 0.75546875 0.053125 0.15078125