0 0.48046875 0.43671875 0.07578125 0.09140625
0 0.78984375 0.4375 0.08046875 0.09375
0 0.30234375 0.43671875 0.07890625 0.09375
0 0.8875 0.62109375 0.06015625 0.08515625
0 0.53203125 0.71171875 0.053125 0.08046875
0 0.2890625 0.25390625 0.1015625 0.0578125
0 0.825 0.62109375 0.06171875 0.08359375
0 0.76328125 0.62421875 0.05625 0.0890625
0 0.69921875 0.61953125 0.06015625 0.08984375
0 0.63515625 0.6203125 0.06484375 0.0890625
0 0.5703125 0.61875 0.06171875 0.08515625
0 0.51640625 0.6203125 0.05625 0.0859375
0 0.47109375 0.61953125 0.04609375 0.0859375
0 0.41953125 0.70703125 0.0484375 0.08359375
0 0.903125 0.709375 0.0515625 0.08515625