0 0.17734375 0.8578125 0.03359375 0.1765625
0 0.89140625 0.87421875 0.03046875 0.13515625
0 0.55625 0.7421875 0.0296875 0.13046875
0 0.70078125 0.87421875 0.02734375 0.15
0 0.73203125 0.87109375 0.02890625 0.14453125
0 0.93125 0.86953125 0.0421875 0.12421875
0 0.215625 0.853125 0.03359375 0.17109375
0 0.25 0.86875 0.02890625 0.15859375
0 0.28359375 0.86640625 0.03046875 0.1453125
0 0.31796875 0.878125 0.02890625 0.1546875
0 0.3484375 0.875 0.02734375 0.14296875
0 0.815625 0.87890625 0.02734375 0.1421875