0 0.22890625 0.33125 0.04453125 0.0890625
0 0.54453125 0.33359375 0.0453125 0.08828125
0 0.759375 0.33515625 0.04296875 0.0921875
0 0.9484375 0.3375 0.0515625 0.090625
0 0.26328125 0.2296875 0.05390625 0.09765625
0 0.5765625 0.2375 0.05390625 0.09375
0 0.4453125 0.42421875 0.05 0.08671875
0 0.62734375 0.60546875 0.05546875 0.0578125
0 0.675 0.75 0.0453125 0.075
0 0.228125 0.75390625 0.0625 0.0765625
0 0.62734375 0.83046875 0.05859375 0.08046875
0 0.5984375 0.12578125 0.0484375 0.115625
0 0.20390625 0.22734375 0.05390625 0.0984375
0 0.5453125 0.12421875 0.05390625 0.11953125
0 0.7125 0.3328125 0.04296875 0.09375
0 0.903125 0.33515625 0.0453125 0.09453125
0 0.39765625 0.42421875 0.0515625 0.0890625
0 0.3515625 0.42109375 0.0515625 0.0921875
0 0.18125 0.33203125 0.0484375 0.0921875
0 0.50078125 0.3328125 0.04140625 0.09296875
0 0.63125 0.7515625 0.0515625 0.075
0 0.29140625 0.75390625 0.05546875 0.0765625
0 0.34296875 0.75234375 0.0453125 0.08125
0 0.56875 0.83046875 0.0484375 0.08046875
0 0.51640625 0.83046875 0.05234375 0.0875
0 0.47109375 0.8265625 0.03828125 0.08984375
0 0.9828125 0.13203125 0.034375 0.11640625
0 0.24765625 0.121875 0.0484375 0.11328125