0 0.69375 0.15859375 0.0578125 0.1140625
0 0.89609375 0.1578125 0.05625 0.1125
0 0.4953125 0.253125 0.08203125 0.06640625
0 0.67265625 0.24296875 0.0640625 0.05234375
0 0.0296875 0.33203125 0.059375 0.084375
0 0.740625 0.596875 0.059375 0.07265625
0 0.6375 0.68046875 0.04921875 0.0921875
0 0.8 0.59609375 0.0515625 0.071875
0 0.10390625 0.334375 0.07578125 0.08671875
0 0.8453125 0.15625 0.0375 0.11953125
0 0.640625 0.15859375 0.04375 0.11484375
0 0.59375 0.15625 0.0453125 0.1125
0 0.55078125 0.1546875 0.0453125 0.11953125