0 0.60859375 0.05390625 0.06171875 0.0890625
0 0.90078125 0.04375 0.1046875 0.0875
0 0.69765625 0.309375 0.07734375 0.1078125
0 0.81328125 0.52265625 0.040625 0.09765625
0 0.79453125 0.62265625 0.05859375 0.0890625
0 0.9171875 0.7140625 0.0609375 0.08046875
0 0.55625 0.8078125 0.0671875 0.08359375
0 0.27734375 0.81328125 0.075 0.0796875
0 0.265625 0.05546875 0.0734375 0.11015625
0 0.675 0.0515625 0.05546875 0.10234375
0 0.1921875 0.1890625 0.0734375 0.11796875
0 0.02109375 0.42109375 0.0421875 0.1203125
0 0.63125 0.81015625 0.0734375 0.0859375