0 0.253125 0.1359375 0.08984375 0.08984375
0 0.96640625 0.12421875 0.0671875 0.11953125
0 0.61640625 0.25546875 0.078125 0.09921875
0 0.21328125 0.33359375 0.0671875 0.09296875
0 0.39140625 0.34140625 0.065625 0.08203125
0 0.03359375 0.42421875 0.05 0.0890625
0 0.528125 0.52109375 0.04453125 0.0828125
0 0.515625 0.60703125 0.0765625 0.0765625
0 0.159375 0.771875 0.0515625 0.0890625
0 0.20703125 0.88125 0.07578125 0.11796875
0 0.3734375 0.8796875 0.0546875 0.125
0 0.36640625 0.60703125 0.0484375 0.0796875
0 0.81015625 0.1265625 0.0609375 0.1125
0 0.65625 0.3828125 0.0296875 0.09765625
0 0.64765625 0.5703125 0.0515625 0.078125
0 0.21875 0.76953125 0.0578125 0.09375
0 0.43671875 0.8796875 0.0703125 0.1203125