0 0.02890625 0.77578125 0.0578125 0.21171875
0 0.7375 0.79375 0.02890625 0.11640625
0 0.753125 0.67890625 0.07109375 0.07890625
0 0.2625 0.809375 0.03671875 0.13515625
0 0.27421875 0.6765625 0.071875 0.05390625
0 0.55 0.603125 0.04921875 0.07421875
0 0.0359375 0.6203125 0.06015625 0.1015625
0 0.7875 0.796875 0.04296875 0.13203125
0 0.8375 0.79296875 0.0453125 0.13046875
0 0.31953125 0.80625 0.05546875 0.13359375
0 0.0921875 0.78046875 0.053125 0.21015625
0 0.146875 0.78359375 0.02890625 0.21328125