0 0.4046875 0.7390625 0.040625 0.08984375
0 0.01953125 0.759375 0.0390625 0.08515625
0 0.771875 0.80859375 0.04609375 0.10234375
0 0.609375 0.30625 0.04765625 0.10703125
0 0.66796875 0.1984375 0.07734375 0.103125
0 0.12421875 0.315625 0.05703125 0.1125
0 0.57265625 0.42109375 0.034375 0.11328125
0 0.44375 0.7359375 0.02734375 0.08359375
0 0.48125 0.73515625 0.03671875 0.08671875
0 0.97734375 0.1859375 0.03828125 0.10390625
0 0.0234375 0.1921875 0.046875 0.121875
0 0.06796875 0.759375 0.04375 0.08671875
0 0.7 0.725 0.03515625 0.08203125
0 0.8609375 0.71796875 0.03671875 0.08203125
0 0.90625 0.81171875 0.034375 0.10234375
0 0.0734375 0.85390625 0.0328125 0.09765625