0 0.64921875 0.23984375 0.06484375 0.09921875
0 0.8609375 0.43359375 0.05546875 0.0875
0 0.2765625 0.52265625 0.0421875 0.08125
0 0.0265625 0.52734375 0.04765625 0.084375
0 0.0265625 0.6234375 0.053125 0.09375
0 0.7953125 0.7015625 0.03359375 0.075
0 0.853125 0.52265625 0.03359375 0.07578125
0 0.5046875 0.70625 0.04375 0.075
0 0.24453125 0.7890625 0.03359375 0.065625
0 0.80546875 0.4328125 0.0515625 0.08828125
0 0.746875 0.434375 0.06171875 0.090625
0 0.57421875 0.2390625 0.07109375 0.10625
0 0.32265625 0.52578125 0.04375 0.08515625
0 0.075 0.52578125 0.04140625 0.090625
0 0.08359375 0.625 0.05546875 0.0953125