0 0.46796875 0.3078125 0.0453125 0.07421875
0 0.88359375 0.30625 0.04609375 0.0796875
0 0.3046875 0.38984375 0.03828125 0.08671875
0 0.67265625 0.55859375 0.040625 0.08984375
0 0.4578125 0.74609375 0.046875 0.09375
0 0.67734375 0.74140625 0.0453125 0.0859375
0 0.30703125 0.9078125 0.046875 0.0859375
0 0.5109375 0.7484375 0.0453125 0.096875
0 0.734375 0.74921875 0.046875 0.09765625
0 0.3578125 0.909375 0.0453125 0.090625
0 0.5515625 0.1421875 0.05703125 0.0921875
0 0.83984375 0.903125 0.040625 0.075
0 0.7625 0.21953125 0.0390625 0.078125