0 0.66484375 0.2921875 0.10546875 0.06875
0 0.0390625 0.365625 0.078125 0.0875
0 0.38203125 0.471875 0.05859375 0.06875
0 0.51015625 0.54609375 0.0953125 0.0375
0 0.1546875 0.54765625 0.11875 0.0390625
0 0.83046875 0.60234375 0.08828125 0.0359375
0 0.8015625 0.66328125 0.10546875 0.0515625
0 0.17734375 0.66484375 0.0953125 0.05234375
0 0.36875 0.73203125 0.25234375 0.04921875
0 0.21640625 0.80546875 0.0671875 0.059375
0 0.03359375 0.74375 0.06640625 0.0359375
0 0.85703125 0.0390625 0.2859375 0.078125