0 0.5703125 0.65390625 0.0453125 0.09296875
0 0.60390625 0.753125 0.0484375 0.1015625
0 0.01953125 0.7265625 0.0390625 0.128125
0 0.01484375 0.5921875 0.0296875 0.1234375
0 0.8796875 0.659375 0.0328125 0.096875
0 0.80703125 0.5421875 0.0328125 0.115625
0 0.52734375 0.65390625 0.03203125 0.09375
0 0.49296875 0.653125 0.034375 0.1
0 0.5625 0.7546875 0.0328125 0.09609375
0 0.06484375 0.72265625 0.04296875 0.13359375
0 0.1890625 0.65234375 0.0609375 0.1015625
0 0.8625 0.42578125 0.02734375 0.1265625
0 0.0515625 0.471875 0.03515625 0.10546875