0 0.28828125 0.04609375 0.0421875 0.0921875
0 0.68515625 0.0484375 0.04375 0.090625
0 0.88359375 0.05078125 0.04921875 0.0890625
0 0.93125 0.4546875 0.04375 0.121875
0 0.48671875 0.7640625 0.02890625 0.103125
0 0.63984375 0.04765625 0.040625 0.0921875
0 0.596875 0.04921875 0.034375 0.0984375
0 0.56328125 0.04765625 0.02890625 0.0921875
0 0.534375 0.04765625 0.0234375 0.0953125
0 0.02109375 0.04140625 0.0421875 0.0828125
0 0.24765625 0.046875 0.03828125 0.09375
0 0.2140625 0.04921875 0.02734375 0.09765625