0 0.0265625 0.39921875 0.05234375 0.07421875
0 0.30234375 0.21640625 0.05703125 0.08671875
0 0.615625 0.29375 0.065625 0.0609375
0 0.496875 0.37265625 0.065625 0.07890625
0 0.89375 0.36640625 0.078125 0.0875
0 0.028125 0.46953125 0.05625 0.0671875
0 0.16328125 0.596875 0.07578125 0.06015625
0 0.94453125 0.67265625 0.06875 0.0671875
0 0.615625 0.6109375 0.05703125 0.05859375
0 0.0828125 0.39921875 0.0453125 0.071875
0 0.13671875 0.3984375 0.05390625 0.0734375
0 0.0890625 0.471875 0.05859375 0.06015625
0 0.15546875 0.471875 0.06875 0.0578125
0 0.425 0.46015625 0.05234375 0.07890625
0 0.425 0.37421875 0.07578125 0.08125
0 0.546875 0.29453125 0.0625 0.0640625
0 0.24375 0.21484375 0.06015625 0.0859375
0 0.19375 0.2125 0.03984375 0.0921875
0 0.97734375 0.2078125 0.0453125 0.084375
0 0.5828125 0.21015625 0.04296875 0.09375
0 0.98359375 0.60546875 0.0328125 0.0625
0 0.44765625 0.67890625 0.034375 0.06796875
0 0.48125 0.678125 0.03125 0.071875
0 0.334375 0.68046875 0.0328125 0.0703125
0 0.0234375 0.78359375 0.04453125 0.09609375
0 0.37265625 0.8578125 0.04140625 0.103125
0 0.059375 0.87421875 0.046875 0.09140625