0 0.33125 0.7765625 0.03671875 0.11640625
0 0.0796875 0.434375 0.046875 0.1140625
0 0.68046875 0.42890625 0.03984375 0.12734375
0 0.65546875 0.18359375 0.04296875 0.10390625
0 0.24296875 0.05390625 0.071875 0.09921875
0 0.034375 0.0671875 0.05625 0.0734375
0 0.73671875 0.05 0.04765625 0.0859375
0 0.71171875 0.18125 0.059375 0.1046875
0 0.165625 0.18828125 0.0609375 0.11875
0 0.0390625 0.1875 0.065625 0.1078125
0 0.1015625 0.0671875 0.0609375 0.0796875
0 0.8890625 0.78515625 0.02734375 0.10859375