0 0.30859375 0.434375 0.05 0.10078125
0 0.08046875 0.428125 0.05703125 0.0953125
0 0.20078125 0.43125 0.05546875 0.10078125
0 0.3390625 0.53828125 0.04921875 0.10234375
0 0.68359375 0.63671875 0.0625 0.10546875
0 0.5421875 0.321875 0.040625 0.1125
0 0.3640625 0.4296875 0.053125 0.10625
0 0.3984375 0.534375 0.0640625 0.10625
0 0.46328125 0.534375 0.06015625 0.10234375
0 0.525 0.5359375 0.053125 0.10078125
0 0.57890625 0.5328125 0.0515625 0.103125
0 0.6609375 0.5375 0.04765625 0.09921875
0 0.38125 0.72734375 0.0515625 0.084375