0 0.63359375 0.6625 0.0453125 0.10859375
0 0.52890625 0.34140625 0.05 0.07890625
0 0.09609375 0.34453125 0.05546875 0.0921875
0 0.40859375 0.21171875 0.040625 0.1125
0 0.61953125 0.21171875 0.040625 0.10625
0 0.834375 0.2140625 0.06640625 0.103125
0 0.58984375 0.453125 0.04375 0.0703125
0 0.81953125 0.4421875 0.03515625 0.06953125
0 0.46796875 0.0796875 0.05859375 0.10625
0 0.7296875 0.0859375 0.0515625 0.09921875
0 0.46015625 0.20859375 0.04921875 0.115625
0 0.98671875 0.4421875 0.0265625 0.06796875