0 0.56640625 0.3953125 0.0546875 0.10859375
0 0.40546875 0.39140625 0.065625 0.10546875
0 0.28359375 0.39140625 0.05546875 0.109375
0 0.5515625 0.49921875 0.0515625 0.103125
0 0.740625 0.2765625 0.0328125 0.11015625
0 0.79609375 0.39140625 0.03984375 0.10546875
0 0.875 0.6 0.03125 0.09921875
0 0.87421875 0.48828125 0.03828125 0.0796875
0 0.91328125 0.60078125 0.03984375 0.0953125
0 0.79296875 0.49609375 0.03671875 0.09921875
0 0.74921875 0.49453125 0.0421875 0.103125
0 0.71015625 0.49921875 0.03984375 0.10390625
0 0.66796875 0.49609375 0.03671875 0.10390625
0 0.6296875 0.49453125 0.034375 0.09765625
0 0.59765625 0.49609375 0.0296875 0.10625
0 0.51796875 0.38828125 0.0453125 0.109375
0 0.2359375 0.38828125 0.04375 0.10703125
0 0.1828125 0.3921875 0.04609375 0.10859375
0 0.0234375 0.27578125 0.04375 0.11640625
0 0.7796875 0.275 0.034375 0.1109375
0 0.7546875 0.3890625 0.03125 0.10625
0 0.59296875 0.69453125 0.03125 0.07734375