0 0.259375 0.23046875 0.0609375 0.12265625
0 0.46875 0.3828125 0.0453125 0.1171875
0 0.5296875 0.2265625 0.03515625 0.1328125
0 0.6234375 0.23359375 0.03515625 0.11953125
0 0.93046875 0.071875 0.0453125 0.12578125
0 0.8875 0.23359375 0.03984375 0.1171875
0 0.48984375 0.63515625 0.034375 0.10859375
0 0.6296875 0.77734375 0.0453125 0.153125
0 0.828125 0.78046875 0.0625 0.15234375
0 0.53359375 0.634375 0.04609375 0.11015625
0 0.5859375 0.77734375 0.0453125 0.153125
0 0.5484375 0.77578125 0.05 0.153125
0 0.2921875 0.0703125 0.05546875 0.13671875