0 0.2453125 0.3375 0.06796875 0.15859375
0 0.246875 0.4875 0.05859375 0.1484375
0 0.3171875 0.33671875 0.06015625 0.15546875
0 0.38515625 0.33515625 0.0625 0.15390625
0 0.4546875 0.3359375 0.06015625 0.153125
0 0.52421875 0.3359375 0.0625 0.15546875
0 0.5921875 0.33671875 0.05703125 0.15390625
0 0.65859375 0.3359375 0.05859375 0.153125
0 0.72265625 0.33515625 0.05703125 0.153125
0 0.78671875 0.33671875 0.0515625 0.15234375
0 0.84453125 0.33671875 0.04765625 0.15703125
0 0.8921875 0.3328125 0.03828125 0.159375
0 0.3078125 0.48984375 0.04921875 0.1390625
0 0.3625 0.490625 0.040625 0.14375
0 0.41953125 0.48984375 0.05703125 0.13984375
0 0.47734375 0.4875 0.04765625 0.13984375
0 0.534375 0.4890625 0.053125 0.140625
0 0.58828125 0.4890625 0.04375 0.1390625
0 0.64375 0.4875 0.05546875 0.13984375
0 0.7046875 0.4875 0.053125 0.1484375
0 0.765625 0.48828125 0.0515625 0.14375
0 0.828125 0.49140625 0.06015625 0.1421875
0 0.88515625 0.4921875 0.03828125 0.14296875
0 0.93125 0.48984375 0.040625 0.1421875
0 0.978125 0.48828125 0.04375 0.1453125
0 0.903125 0.95 0.03828125 0.096875